                                                                              2026 年 4 月 14 日
                                                                               エネルギー・環境

       令和 6 年度(2024 年度)エネルギー需給実績(確報)を取りまとめました
  資源エネルギー庁は、各種エネルギー関係統計等を基に、令和 6 年度の総合エネルギー統計
  確報を作成し、エネルギー需給実績として取りまとめました。
1．エネルギー需給実績(確報)のポイント
(1)需要動向
○ 最終エネルギー消費は前年度比 2.0%減。うち石炭が 3.9%減、石油が 3.8%減と減少した一方、
  都市ガスが 3.2%増、電力が 0.6%増と増加した。
○ 企業・事業所他部門、運輸部門は減少した一方、家庭部門は横ばい。
  ⚫ 企業・事業所他は 2.7%減(うち製造業は 4.1%減)、運輸は旅客、貨物ともに減少し 1.5%減
    (旅客が 0.5%減、貨物が 2.8%減)。
    ⚫ 電力消費は、企業・事業所他が 0.6%増加(うち製造業は 0.5%減)、家庭が 0.7%増加した。
(2)供給動向
○ 一次エネルギー国内供給は前年度比 0.5%減。うち化石燃料は 1.3%減、非化石燃料は 2.5%
    増となり、化石エネルギー依存度は 0.6%ポイント[%pt]低下した。
    ⚫ 化石燃料は、石油が 3.７%減と減少した一方、石炭が 0.1%増、天然ガス・都市ガスが 1.2%
       増と増加。シェアが 19.9%まで上昇した非化石燃料は、発電プラントが新たに 2 基再稼働
       した原子力(9.6%増)が主にけん引。再生可能エネルギー(水力を除く)は 1.2%増加した。
○ 発電電力量は前年度比 0.4%増(9,911 億 kWh)と増加した。非化石電源比率は 32.5%に上昇し
    た。
    ⚫ 発電電力量の構成は、再生可能エネルギー(水力を含む)が 0.2%pt 増の 23.1%、原子力
       が 0.9%pt 増の 9.4%、火力(バイオマスを除く)が 1.1%pt 減の 67.5%。
(3)エネルギー起源二酸化炭素(CO２)排出動向
○ CO2 排出量は、前年度比 1.6%減、2013 年度比 26.6%減の 9.1 億 t となり、1990 年度以降の
    最少を更新した。
  ⚫ エネルギー消費総量減と非化石燃料増に伴い化石燃料が減ったことで減少した。
  ⚫ 部門別では、企業・事業所他は前年度比 1.6%減、家庭は 0.7%減、運輸は 1.6%減。
○ 電力の CO2 原単位(使用端)は、前年度比 1.8%減となる 0.45kg-CO2/kWh。
(注)本資料においてエネルギー量は、エネルギー単位(ジュール)を使用。原油換算 kL に換算する場合は、本資料に掲載されている PJ(ペタ
   ジュール：1015J)の数字に 0.0258 を乗じると原油換算百万 kL となります(原油換算：原油 1L = 9,250kcal = 38.7MJ。1MJ = 0.0258L)。


2．統計表の HP 掲載
資源エネルギー庁のホームページに Excel 形式の統計表を掲載しますのでご参照ください。
URL：https://www.enecho.meti.go.jp/statistics/total_energy/
 （本発表資料のお問合せ先）
  資源エネルギー庁 長官官房総務課戦略企画室長 後藤 担当者：金井、東條、竹安、秋間、高橋
  電話：03-3501-1511（内線 4421～2） メール： bzl-s-enecho-senryakukikaku★meti.go.jp
  ※ [★]を[@]に置き換えてください。

                                              1
(参考１)

                                                                  最終エネルギー消費
  PJ
 20,000
                                                                                                    2005年度
                                                                                                                         2013年度
                                                                                                    15,876PJ
                                       第2次オイルショック                                                                        14,065PJ
 15,000
                       第1次オイルショック

                                                                      1990年度
 10,000
                                                                      13,545PJ
                                                                                                                                    2024年度
                                                                                                                                    11,280PJ
   5,000
                                                                                                                                 前年度比2.0%減


        0
       1965 1970 1975 1980 1985 1990                                              1995     2000         2005       2010          2015     2020 2024
  (注) 1990年度以降、数値の算出方法が変更されている。                                                                                                                 年度

     PJ            2013年度比増減（2024年度）                                                                前年度比増減（2024年度）
                                                                                  PJ
     500                                                             (26.8)       100                                    (3.2)    (0.6)            (25.1)
                                                                       11                                       (4.8)
       0                                                                                                                  31       20                10
                                  -10                                                0                            3
     -500                       (-14.6)     -76             -188                                                                           -44
                                                                                                     -42
                       -406                (-7.1)    -392 (-19.4)                 -100              (-3.9)                                (-5.3)
 -1,000               (-27.7)                       (-11.0)
                                                                                  -200      -206
 -1,500     -1,723
                                                                                           (-3.8)
            (-25.0)
 -2,000                                                                           -300
              石油       石炭         天然       都市        電力      熱      再生可能                    石油      石炭          天然       都市        電力      熱       再生可能
                                  ガス        ガス                       ・未活用                                       ガス       ガス                        ・未活用
  （括弧内は増減率%）                                                                      （括弧内は増減率%）


                                                              エネルギー源別最終エネルギー消費
                                                                                                                        （単位：1015J [PJ]、％）
                                                                                                                                        2024
年度                        1990      2010    2011    2012   2013     2014   2015    2016   2017   2018    2019     2020   2021
                                                                                                                         2023     2022
                                                                                                                                2024
                                                                                                                                       /2013
最終エネルギー消費        13,545 14,687 14,285 14,132 14,065 13,671 13,503 13,337 13,466 13,204 12,937 12,064 12,253 11,830 11,509 11,280 -19.8%
       （前年度比％）             (+3.2) (▲2.7) (▲1.1) (▲0.5) (▲2.8) (▲1.2) (▲1.2) (+1.0) (▲1.9) (▲2.0) (▲6.7) (+1.6) (▲3.5) (▲2.7) (▲2.0)
 石炭               1,628 1,447 1,414 1,430 1,463 1,441 1,388 1,370 1,366 1,340 1,311 1,118 1,230 1,127 1,099 1,057 -27.7%
       （前年度比％）            (+12.5) (▲2.2) (+1.1) (+2.3) (▲1.5) (▲3.7) (▲1.3) (▲0.4) (▲1.9) (▲2.1) (▲15) (+10.0) (▲8.4) (▲2.4) (▲3.9)
          ［シェア％］  [12.0]    [9.9]   [9.9]  [10.1] [10.4] [10.5] [10.3] [10.3] [10.1] [10.1] [10.1]  [9.3] [10.0]  [9.5]   [9.6]  [9.4]
 石油               7,525 7,261 7,039 6,949 6,893 6,626 6,598 6,475 6,492 6,329 6,168 5,732 5,679 5,544 5,376 5,171 -25.0%
       （前年度比％）             (+0.2) (▲3.1) (▲1.3) (▲0.8) (▲3.9) (▲0.4) (▲1.9) (+0.3) (▲2.5) (▲2.5) (▲7.1) (▲0.9) (▲2.4) (▲3.0) (▲3.8)
          ［シェア％］  [55.6]   [49.4]  [49.3]  [49.2] [49.0] [48.5] [48.9] [48.6] [48.2] [47.9] [47.7] [47.5] [46.3] [46.9]  [46.7] [45.8]
 天然ガス                 58      68      68      70     69     64     62     63     62     62     59     55     57     57      57     59 -14.6%
       （前年度比％）            (+12.0) (+0.1) (+3.3) (▲0.9) (▲8.0) (▲3.0) (+1.3) (▲0.3) (▲0.8) (▲5.0) (▲6.3) (+4.0) (▲0.5) (▲0.9) (+4.8)
          ［シェア％］    [0.4]   [0.5]   [0.5]   [0.5]  [0.5]  [0.5]  [0.5]  [0.5]  [0.5]  [0.5]  [0.5]  [0.5]  [0.5]  [0.5]   [0.5]  [0.5]
 都市ガス               511 1,089 1,100 1,081 1,065 1,058 1,072 1,044 1,102 1,073 1,088                  992 1,036     988     959    989 -7.1%
       （前年度比％）             (+1.3) (+1.0) (▲1.7) (▲1.5) (▲0.7) (+1.3) (▲2.6) (+5.5) (▲2.6) (+1.4) (▲8.8) (+4.3) (▲4.6) (▲3.0) (+3.2)
          ［シェア％］    [3.8]   [7.4]   [7.7]   [7.7]  [7.6]  [7.7]  [7.9]  [7.8]  [8.2]  [8.1]  [8.4]  [8.2]  [8.5]  [8.4]   [8.3]  [8.8]
 電力               2,753 3,728 3,588 3,569 3,562 3,505 3,418 3,423 3,473 3,404 3,338 3,288 3,326 3,247 3,151 3,171 -11.0%
       （前年度比％）             (+4.7) (▲3.7) (▲0.5) (▲0.2) (▲1.6) (▲2.5) (+0.1) (+1.5) (▲2.0) (▲1.9) (▲1.5) (+1.1) (▲2.4) (▲3.0) (+0.6)
          ［シェア％］  [20.3]   [25.4]  [25.1]  [25.3] [25.3] [25.6] [25.3] [25.7] [25.8] [25.8] [25.8] [27.3] [27.1] [27.4]  [27.4] [28.1]
 熱                1,015 1,066 1,036          994    972    937    924    921    930    954    930    838    883    826     827    783 -19.4%
       （前年度比％）             (+9.3) (▲2.8) (▲4.1) (▲2.3) (▲3.6) (▲1.4) (▲0.3) (+0.9) (+2.6) (▲2.5) (▲10.0) (+5.4) (▲6.5) (+0.2) (▲5.3)
          ［シェア％］    [7.5]   [7.3]   [7.3]   [7.0]  [6.9]  [6.9]  [6.8]  [6.9]  [6.9]  [7.2]  [7.2]  [6.9]  [7.2]  [7.0]   [7.2]  [6.9]
 再生可能･未活用エネルギー        56      28      40      38     40     40     40     41     41     42     42     40     42     41      40     50 26.8%
       （前年度比％）             (+8.5) (+38.8) (▲4.0) (+4.5) (▲0.1) (+2.0) (+2.1) (+0.2) (+1.9) (+0.7) (▲5.5) (+4.2) (▲1.0) (▲2.9) (+25.1)
          ［シェア％］    [0.4]   [0.2]   [0.3]   [0.3]  [0.3]  [0.3]  [0.3]  [0.3]  [0.3]  [0.3]  [0.3]  [0.3]  [0.3]  [0.3]   [0.3]  [0.4]
（注1）2023年度からエネルギー源別の標準発熱量の最新の改訂値が適用されていますので、ご注意ください。
（注2）「2024/2013」は2024年度の2013年度比増減率。




                                                                              2
(参考２)

                                                    部門別最終エネルギー消費
  PJ                                                                       PJ
 16,000                                                                   12,000
           23%                                                            10,000
 12,000                         23%
           13%                                                             8,000
                                15%                            24%
  8,000                                                        15%         6,000

           64%                                                             4,000
  4,000                         62%
                                                               61%         2,000

       0                                                                           0
           2005         2010         2015         2020         2024                    2005          2010    2015        2020        2024
                                                               年度                                                                     年度

            企業･事業所他                   家庭             運輸                                  企業･事業所他                  家庭            運輸


  PJ              2013年度比増減（2024年度）                                       PJ                   前年度比増減（2024年度）
       0                                                                       0
                                     -348               -497                                                  0             -41
                  -1,939                             (-15.4%)                                               (0.0%)        (-1.5%)
 -1,000                           (-17.0%)                                -200
               (-22.1%)                           合計：2,784PJ減                                 -188                      合計：229PJ減
                                                     (-19.8%)                             (-2.7%)                         (-2.0%)
 -2,000                                                                   -400
              企業･事業所他                 家庭           運輸                                    企業･事業所他            家庭             運輸
                                              （括弧内は増減率）                                                                （括弧内は増減率）


                                                           部門別最終エネルギー消費
                                                                                                                       （単位：1015J [PJ]、％）
                                                                                                                                       2024
年度                1990    2010    2011   2012   2013   2014   2015   2016   2017   2018   2019    2020   2021   2022    2023   2024
                                                                                                                                      /2013
最終エネルギー消費       13,545 14,687 14,285 14,132 14,065 13,671 13,503 13,337 13,466 13,204 12,937 12,064 12,253 11,830 11,509 11,280 -19.8%
       （前年度比％）            (+3.2) (▲2.7) (▲1.1) (▲0.5) (▲2.8) (▲1.2) (▲1.2) (+1.0) (▲1.9) (▲2.0) (▲6.7) (+1.6) (▲3.5) (▲2.7) (▲2.0)
 企業・事業所他部門       8,859 9,174 8,937 8,733 8,784 8,523 8,455 8,339 8,395 8,356 8,137 7,480 7,748 7,260 7,032 6,844 -22.1%
       （前年度比％）            (+3.4) (▲2.6) (▲2.3) (+0.6) (▲3.0) (▲0.8) (▲1.4) (+0.7) (▲0.5) (▲2.6) (▲8.1) (+3.6) (▲6.3) (▲3.1) (▲2.7)
         ［シェア％］  [65.4]   [62.5]  [62.6] [61.8] [62.5] [62.3] [62.6] [62.5] [62.3] [63.3] [62.9]  [62.0] [63.2] [61.4]  [61.1] [60.7]
   製造業           6,376 6,315 6,134 6,089 6,129 5,930 5,877 5,818 5,856 5,826 5,652 5,096 5,345 5,000 4,884 4,686 -23.5%
       （前年度比％）            (+5.1) (▲2.9) (▲0.7) (+0.7) (▲3.2) (▲0.9) (▲1.0) (+0.7) (▲0.5) (▲3.0) (▲9.8) (+4.9) (▲6.5) (▲2.3) (▲4.1)
         ［シェア％］  [47.1]   [43.0]  [42.9] [43.1] [43.6] [43.4] [43.5] [43.6] [43.5] [44.1] [43.7]  [42.2] [43.6] [42.3]  [42.4] [41.5]
   農林水産鉱建設業        712      445     454    437    389    380    405    419    407    383    390     417    391    379     360    354 -8.9%
       （前年度比％）           (▲5.3) (+2.1) (▲3.8) (▲11.0) (▲2.3) (+6.7) (+3.3) (▲2.8) (▲5.9) (+1.7) (+7.0) (▲6.1) (▲3.3) (▲4.8) (▲1.8)
         ［シェア％］    [5.3]   [3.0]   [3.2]  [3.1]  [2.8]  [2.8]  [3.0]  [3.1]  [3.0]  [2.9]  [3.0]   [3.5]  [3.2]  [3.2]   [3.1]  [3.1]
   業務他           1,771 2,414 2,350 2,208 2,266 2,213 2,173 2,103 2,132 2,147 2,095 1,967 2,011 1,882 1,788 1,805 -20.4%
       （前年度比％）            (+0.8) (▲2.7) (▲6.0) (+2.6) (▲2.3) (▲1.8) (▲3.3) (+1.4) (+0.7) (▲2.4) (▲6.1) (+2.2) (▲6.4) (▲5.0) (+0.9)
         ［シェア％］  [13.1]   [16.4]  [16.4] [15.6] [16.1] [16.2] [16.1] [15.8] [15.8] [16.3] [16.2]  [16.3] [16.4] [15.9]  [15.5] [16.0]
 家庭部門            1,608 2,131 2,033 2,070 2,045 1,984 1,899 1,874 1,970 1,784 1,797 1,910 1,814 1,778 1,697 1,697 -17.0%
       （前年度比％）            (+6.7) (▲4.6) (+1.8) (▲1.2) (▲3.0) (▲4.2) (▲1.3) (+5.2) (▲9.5) (+0.7) (+6.3) (▲5.1) (▲2.0) (▲4.6) (+0.0)
         ［シェア％］  [11.9]   [14.5]  [14.2] [14.6] [14.5] [14.5] [14.1] [14.0] [14.6] [13.5] [13.9]  [15.8] [14.8] [15.0]  [14.7] [15.0]
 運輸部門            3,078 3,382 3,315 3,329 3,236 3,165 3,148 3,125 3,100 3,064 3,003 2,674 2,692 2,792 2,780 2,739 -15.4%
       （前年度比％）            (+0.7) (▲2.0) (+0.4) (▲2.8) (▲2.2) (▲0.5) (▲0.8) (▲0.8) (▲1.2) (▲2.0) (▲11.0) (+0.7) (+3.7) (▲0.4) (▲1.5)
         ［シェア％］  [22.7]   [23.0]  [23.2] [23.6] [23.0] [23.1] [23.3] [23.4] [23.0] [23.2] [23.2]  [22.2] [22.0] [23.6]  [24.2] [24.3]
   旅客部門          1,573 2,026 2,002 2,017 1,933 1,862 1,855 1,851 1,840 1,815 1,773 1,513 1,498 1,608 1,603 1,595 -17.5%
       （前年度比％）           (▲0.2) (▲1.2) (+0.8) (▲4.1) (▲3.7) (▲0.4) (▲0.2) (▲0.6) (▲1.3) (▲2.3) (▲14.7) (▲1.0) (+7.3) (▲0.3) (▲0.5)
         ［シェア％］  [11.6]   [13.8]  [14.0] [14.3] [13.7] [13.6] [13.7] [13.9] [13.7] [13.7] [13.7]  [12.5] [12.2] [13.6]  [13.9] [14.1]
   貨物部門          1,505 1,357 1,313 1,312 1,303 1,303 1,293 1,274 1,261 1,249 1,230 1,161 1,194 1,184 1,177 1,144 -12.2%
       （前年度比％）            (+2.0) (▲3.2) (▲0.1) (▲0.7) (▲0.0) (▲0.7) (▲1.5) (▲1.0) (▲1.0) (▲1.5) (▲5.7) (+2.9) (▲0.8) (▲0.6) (▲2.8)
         ［シェア％］  [11.1]    [9.2]   [9.2]  [9.3]  [9.3]  [9.5]  [9.6]  [9.5]  [9.4]  [9.5]  [9.5]   [9.6]  [9.7] [10.0]  [10.2] [10.1]
（注1）2023年度からエネルギー源別の標準発熱量の最新の改訂値が適用されていますので、ご注意ください。
（注2）「2024/2013」は2024年度の2013年度比増減率。
（注3）各部門の最終エネルギー消費には非エネルギー用途消費を含みます。




                                                                      3
(参考３)

                               各部門の原単位の動向
<製造業部門>                                                     製造業のエネルギー消費原単位指数
（年度）    製造業のエネル    製造業生産指数 製造業のエネル             2005年度＝100            （エネルギー消費量/製造業生産指数）
                                              110
        ギー消費の前年 の前年度比        ギー消費原単位
        度比                   の前年度比            105100.0
   2015      -0.9%     -0.7%      -0.1%       100                     97.8
   2016      -1.0%     +0.8%      -1.8%
                                               95
   2017     +0.7%      +2.8%      -2.1%
   2018      -0.5%     -0.2%      -0.4%        90
   2019      -3.0%     -3.4%     +0.4%         85
   2020      -9.8%     -9.6%      -0.2%
                                               80                                          82.3
   2021     +4.9%      +5.5%      -0.6%
   2022      -6.5%     -0.3%      -6.2%        75
   2023      -2.3%     -1.9%      -0.4%             2005     2010            2015   2020   2024
   2024      -4.1%     -1.4%      -2.7%                                                     年度



<業務他部門>                                                    業務他部門のエネルギー消費原単位指数
（年度）    業務他部門のエネ 第3次産業活動 業務他部門のエネ              2005年度＝100           （エネルギー消費量/第3次産業活動指数）
                                              110
        ルギー消費の前年 指数の前年度比 ルギー消費原単                  100.0
        度比                  位の前年度比            100
   2015      -1.8%   +1.2%       -3.0%
                                               90
   2016      -3.3%   +0.2%       -3.4%                                82.0
   2017      +1.4%   +1.3%      +0.1%          80
   2018      +0.7%   +0.7%       -0.0%
   2019      -2.4%    -0.7%      -1.7%         70
   2020      -6.1%    -6.2%     +0.1%          60
   2021      +2.2%   +2.1%      +0.1%                                                      64.0
   2022      -6.4%   +2.1%       -8.4%         50
   2023      -5.0%   +1.7%       -6.5%              2005     2010            2015   2020   2024
   2024      +0.9%   +1.4%       -0.5%                                                      年度
（注）第3次産業活動指数は、業務他部門に合わせて調整してある。


<家庭部門(世帯当たりエネルギー消費量)>                                       世帯当たり家庭部門エネルギー消費
                                               GJ/世帯
（年度）    家庭部門のエネル 世帯数の前年度 家庭部門の世帯当             45
        ギー消費の前年 比          たりエネルギー消費の            41.5
        度比                 前年度比
                                              40
   2015      -4.2%   +1.0%       -5.2%                               36.6
   2016      -1.3%   +0.9%       -2.2%
   2017     +5.2%    +0.9%       +4.2%        35
   2018      -9.5%   +0.9%      -10.3%
   2019     +0.7%    +0.9%       -0.2%        30                                           27.7
   2020     +6.3%    +0.7%       +5.6%
   2021      -5.1%   +0.4%       -5.5%
   2022      -2.0%   +0.8%       -2.8%        25
   2023      -4.6%   +0.9%       -5.4%             2005      2010           2015    2020   2024
   2024     +0.0%    +0.8%       -0.8%                                                      年度



<家庭部門(1人当たりエネルギー消費量)>                                       1人当たり家庭部門エネルギー消費
                                               GJ/人
（年度）    家庭部門のエネル 人口の前年度比 家庭部門の1人当た            18
        ギー消費の前年             りエネルギー消費の
        度比                  前年度比              17 16.7
   2015      -4.2%    -0.1%       -4.1%                              15.9
   2016      -1.3%    -0.1%       -1.2%       16
   2017     +5.2%     -0.2%       +5.3%
   2018      -9.5%    -0.2%       -9.3%       15
   2019     +0.7%     -0.2%       +1.0%                                                    13.7
   2020     +6.3%     -0.4%       +6.7%       14
   2021      -5.1%    -0.6%       -4.5%
   2022      -2.0%    -0.4%       -1.6%       13
   2023      -4.6%    -0.4%       -4.2%            2005      2010           2015    2020   2024
   2024     +0.0%     -0.4%       +0.5%                                                     年度
（注）人口は住民基本台帳ベース

                                          4
(参考４)

                                                                               エネルギー転換部門

                                  石油製品生産量                                                                              発電電力量と発電用エネルギー投入量
  PJ                                                                                                 PJ、億kWh
 3,000
                                                                                                    12,000
                                                                                                    10,000
 2,000                                                                                                 8,000
                                                                                                       6,000
                                                                                                       4,000
 1,000
                                                                                                       2,000
                                                                                                            0
       0                                                                                                         2010                     2015                      2020              2024
           2005            2010                 2015                2020             2024                                                                                             年度
                                                                                                                  原子力                                              石炭
                                                                                     年度
                                                                                                                  天然ガス                                             石油等
           ナフサ                            ガソリン                            ジェット燃料油                                 水力                                               太陽光
           灯油                             軽油                              重油                                      風力                                               地熱
           その他製品                                                                                                  バイオマス                                            発電電力量(億kWh)
                                                                                             石油精製
                                                                                                                                                                                      (単位: PJ)
                                                                                                                                                                                      前年度比
年度                        1990      2010      2011      2012      2013       2014      2015      2016      2017      2018      2019     2020      2021      2022      2023     2024
                                                                                                                                                                                      増減率(%)
     石油製品生産量             7,879     8,009      7,560     7,604     7,597     7,136     7,189     7,218     6,964     6,693     6,597     5,251     5,595     5,935    5,497    5,101    (▲7.2)
       ナフサ                 391       667        629       633       679       606       632       662       595       560       567       411       446       466      426      425    (▲0.3)
石      ガソリン              1,484     2,015      1,881     1,834     1,817     1,779     1,820     1,784     1,767     1,690     1,625     1,441     1,507     1,538    1,468    1,385    (▲5.6)
油      ジェット燃料油             171       515        470       487       559       558       570       577       534       566       567       234       311       400      432      427    (▲1.2)
精      灯油                  873       722        705       667       646       593       575       577       574       483       483       478       441       421      394      362    (▲8.1)
製      軽油                1,277     1,638      1,488     1,476     1,647     1,561     1,583     1,566     1,583     1,556     1,567     1,243     1,376     1,484    1,345    1,255    (▲6.7)
       重油                2,910     1,608      1,642     1,729     1,485     1,337     1,278     1,310     1,184     1,136     1,092     1,013     1,052     1,128    1,016      909   (▲10.5)
       その他製品               775       844        746       778       763       701       731       742       728       702       696       432       462       498      416      337   (▲18.8)


                                                                                    電源構成と最終電力消費
                                                                                                                                                                                (単位: 億kWh、PJ)
                                                                                                                                                                                      前年度比
年度                              2010       2011       2012      2013      2014      2015       2016      2017      2018      2019      2020      2021      2022      2023     2024
                                                                                                                                                                                      増減率(%)
     発電電力量(億kWh)               11,494     10,902    10,778    10,845    10,584     10,404    10,512    10,597    10,471    10,184     9,985     10,280    10,017    9,876    9,911     (+0.4)
                  前年度比(％)                 (▲5.2)    (▲1.1)    (+0.6)    (▲2.4)     (▲1.7)     (+1.0)    (+0.8)    (▲1.2)    (▲2.7)    (▲2.0)    (+3.0)    (▲2.6)    (▲1.4)   (+0.4)
       火力(バイオマスを除く)             7,521      8,754     9,544     9,573      9,258     8,824     8,795     8,571     8,049     7,690     7,614      7,470     7,269    6,775    6,690     (▲1.2)
                      [シェア%]    [65.4]     [80.3]    [88.6]    [88.3]     [87.5]    [84.8]    [83.7]    [80.9]    [76.9]    [75.5]    [76.3]     [72.7]    [72.6]   [68.6]   [67.5]
            石炭                  3,199      3,058     3,340     3,571      3,544     3,560     3,446     3,472     3,311     3,252     3,093      3,175     3,042    2,812    2,785     (▲1.0)
            天然ガス                3,339      4,113     4,320     4,435      4,552     4,257     4,351     4,211     4,013     3,799     3,888      3,529     3,385    3,232    3,194     (▲1.2)
発           石油等                    983     1,583     1,885     1,567      1,161     1,006       999       889       725       638       633        765       841      731      711     (▲2.7)
電      非化石                      3,974      2,148     1,233     1,272      1,326     1,581     1,717     2,025     2,422     2,494     2,370      2,811     2,748    3,101    3,221     (+3.9)
電                     [シェア%]    [34.6]     [19.7]    [11.4]    [11.7]     [12.5]    [15.2]    [16.3]    [19.1]    [23.1]    [24.5]    [23.7]     [27.3]    [27.4]   [31.4]   [32.5]
力           原子力                 2,882      1,018       159        93          0        94       181       329       649       638       388        708       561      841      935    (+11.2)
量           再エネ(水力を含む)          1,091      1,131     1,074     1,179      1,326     1,486     1,536     1,696     1,773     1,856     1,983      2,103     2,187    2,261    2,286     (+1.1)
                      [シェア%]      [9.5]    [10.4]    [10.0]    [10.9]     [12.5]    [14.3]    [14.6]    [16.0]    [16.9]    [18.2]    [19.9]     [20.5]    [21.8]   [22.9]   [23.1]
                 水力                838       849       765       794        835       871       795       838       810       796       784        785       767      749      735     (▲1.8)
                 太陽光                35        48        66       129        230       348       458       551       627       694       791        861       926      965      981     (+1.7)
                 風力                 40        47        48        52         52        56        62        65        75        76        90         94        93      105      117    (+11.3)
                 地熱                 26        27        26        26         26        26        25        25        25        28        30         30        30       34       39    (+13.8)
                 バイオマス             152       159       168       178        182       185       197       219       236       261       288        332       372      408      414     (+1.4)
発
     発電用エネルギー投入量(PJ)             9,867      9,419     9,303     9,389      9,007     8,797     8,959     8,973     8,886     8,587     8,435      8,812     8,534    8,498    8,440    (▲0.7)
電                 前年度比(％)                 (▲4.5)    (▲1.2)    (+0.9)    (▲4.1)     (▲2.3)     (+1.8)    (+0.2)    (▲1.0)    (▲3.4)    (▲1.8)    (+4.5)    (▲3.1)    (▲0.4)   (▲0.7)
用      原子力                      2,462        873        137        80         0        79        154       279       550       537       326       605       479       724      794    (+9.6)
エ      石炭                       2,840      2,730      2,936     3,257     3,187     3,181      3,121     3,143     3,013     2,956     2,837     2,984     2,907     2,761    2,821    (+2.2)
ネ      天然ガス                     2,686      3,322      3,504     3,531     3,585     3,342      3,451     3,288     3,127     2,939     3,023     2,752     2,617     2,529    2,404    (▲4.9)
ル      石油等                        929      1,506      1,788     1,491     1,097       933        908       801       671       558       544       625       644       507      455   (▲10.1)
ギ      水力                         716        729        657       679       702       726        676       710       686       673       663       674       658       648      626    (▲3.4)
ー      太陽光                         30         42         57       110       193       290        389       467       531       584       665       736       791       831      833    (+0.3)
投      風力                          34         40         42        44        44        46         52        55        63        64        75        80        79        90       99    (+9.7)
入
       地熱                          22         23         22        22        22        22         21        21        21        24        25        26        25        29       33   (+12.2)
量
       バイオマス                      147        153        160       174       177       178        186       209       223       252       276       330       334       380      375    (▲1.2)
     最終電力消費(億kWh)              10,354      9,966      9,914     9,896     9,737     9,495      9,507     9,646     9,456     9,271     9,134     9,238     9,020     8,753    8,808    (+0.6)
最                 前年度比(％)      (+4.7)     (▲3.7)    (▲0.5)    (▲0.2)    (▲1.6)     (▲2.5)     (+0.1)    (+1.5)    (▲2.0)    (▲1.9)    (▲1.5)    (+1.1)    (▲2.4)    (▲3.0)   (+0.6)
終      企業・事業所他部門                7,258      7,069      6,920     6,854     6,767     6,643      6,736     6,767     6,786     6,623     6,295     6,488     6,283     6,085    6,122    (+0.6)
電           製造業                 3,717      3,538      3,527     3,524     3,441     3,375      3,385     3,400     3,446     3,329     3,153     3,209     3,096     3,093    3,077    (▲0.5)
力           農林水産鉱建設業              128        146        126       111       113       106        103       111       105       103       107       114       113       118      113    (▲4.3)
消           業務他                 3,413      3,385      3,267     3,219     3,213     3,162      3,248     3,256     3,236     3,191     3,034     3,166     3,074     2,874    2,931    (+2.0)
費      家庭部門                     2,913      2,719      2,818     2,865     2,793     2,676      2,595     2,704     2,496     2,475     2,674     2,588     2,573     2,502    2,521    (+0.7)
       運輸部門                       182        178        177       177       176       176        175       175       173       173       165       162       164       165      165      (0.0)
（注1）発電電力量と発電用エネルギー投入量については、一部で総合エネルギー統計とは異なるデータソースを使用しているため、
（注1）総合エネルギー統計の値とは若干異なる部分があることにご注意ください。
（注2）再エネ（水力を含む）には、水力、太陽光、風力、地熱、バイオマスが含まれます。非化石には、再エネ発電と原子力が含まれます。
（注3）最終電力消費とは、電力需要のうちエネルギー転換部門での電力消費を除いた最終エネルギー消費部門において消費された電力量です。




                                                                                                5
(参考５)

                                                         一次エネルギー国内供給
  PJ                                                                           PJ
25,000                                                                        12,000

                                                                              10,000
20,000
                                                                               8,000
15,000
                                                                               6,000
10,000
                                                                               4,000
 5,000                                                                         2,000

      0                                                                              0
          2005         2010           2015          2020  2024                           2005   2010                2015    2020               2024
                                                           年度                            石油                           石炭                        年度
   石油                      石炭                       天然ガス・都市ガス                            天然ガス・都市ガス                    原子力
   原子力                     水力                       再生可能・未活用                             水力                           再生可能・未活用

  PJ                                                                           PJ
                 2013年度比増減（2024年度）                                                                前年度比増減（2024年度）
  2,000                                     (897)                (88.2)
                                                                              200                 (0.1)     (1.2)      (9.6)               (1.8)
                                             714                  960
      0                                                                                             4        45         70                  36
                                                       -53                      0
                      -1,011    -1,226                                                    -230                               -22
 -2,000     -2,975                                    (-7.9)                  -200
                      (-19.1)   (-25.0)                                                  (-3.7)                             (-3.4)
 -4,000     (-33.0)                  合計：3,591PJ減 (-17.1)                      -400                                       合計：96PJ減 (-0.5)
             石油        石炭       天然ガス・ 原子力   水力 再生可能                                       石油      石炭      天然ガス・ 原子力              水力      再生可能
                                都市ガス                             ・未活用                                     都市ガス                            ・未活用
  （括弧内は増減率%）                                                                  （括弧内は増減率%）


                                                         エネルギー源別一次エネルギー国内供給
                                                                                                                   （単位：1015J [PJ]、％）
年度                       1990 2010 2011 2012 2013 2014 2015 2016 2017 2018 2019 2020 2021 2022 2023 2024
一次エネルギー総供給             20,219 23,270 22,075 21,863 22,152 21,391 21,294 21,090 21,292 21,015 20,492 18,649 19,678 19,513 18,600 18,480
             （前年度比％）           (+6.3) (▲5.1) (▲1.0) (+1.3) (▲3.4) (▲0.5) (▲1.0) (+1.0) (▲1.3) (▲2.5) (▲9.0) (+5.5) (▲0.8) (▲4.7) (▲0.6)
            <2013年度比％> <▲8.7> <+5.0> <▲0.3> <▲1.3> <0.0> <▲3.4> <▲3.9> <▲4.8> <▲3.9> <▲5.1> <▲7.5> <▲15.8> <▲11.2> <▲11.9> <▲16.0> <▲16.6>
 一次エネルギー国内供給           19,669 21,995 21,011 20,742 21,052 20,264 20,020 19,839 20,066 19,697 19,126 17,959 18,716 18,299 17,558 17,461
             （前年度比％）           (+5.5) (▲4.5) (▲1.3) (+1.5) (▲3.7) (▲1.2) (▲0.9) (+1.1) (▲1.8) (▲2.9) (▲6.1) (+4.2) (▲2.2) (▲4.0) (▲0.5)
                  <2013年度比％> <▲6.6>       <+4.5> <▲0.2> <▲1.5>   <0.0> <▲3.7> <▲4.9> <▲5.8> <▲4.7> <▲6.4> <▲9.2> <▲14.7> <▲11.1> <▲13.1> <▲16.6> <▲17.1>
   化石燃料                16,382 17,849 18,450 18,975 19,204 18,411 17,954 17,637 17,556 16,853 16,227 15,240 15,563 15,251 14,173 13,992
              （前年度比％）            (+5.1) (+3.4) (+2.8) (+1.2) (▲4.1) (▲2.5) (▲1.8) (▲0.5) (▲4.0) (▲3.7) (▲6.1) (+2.1) (▲2.0) (▲7.1) (▲1.3)
            <2013年度比％> <▲14.7> <▲7.1> <▲3.9> <▲1.2> <0.0> <▲4.1> <▲6.5> <▲8.2> <▲8.6> <▲12.2> <▲15.5> <▲20.6> <▲19.0> <▲20.6> <▲26.2> <▲27.1>
                ［シェア％］ [83.3] [81.2] [87.8] [91.5] [91.2] [90.9] [89.7] [88.9] [87.5] [85.6] [84.8] [84.9] [83.2] [83.3] [80.7] [80.1]
    石油                 11,008 8,858 9,097 9,220 9,003 8,351 8,138 7,866 7,825 7,393 7,098 6,550 6,752 6,616 6,258 6,028
              （前年度比％）            (+0.5) (+2.7) (+1.3) (▲2.4) (▲7.2) (▲2.6) (▲3.3) (▲0.5) (▲5.5) (▲4.0) (▲7.7) (+3.1) (▲2.0) (▲5.4) (▲3.7)
                ［シェア％］ [56.0] [40.3] [43.3] [44.4] [42.8] [41.2] [40.6] [39.6] [39.0] [37.5] [37.1] [36.5] [36.1] [36.2] [35.6] [34.5]
    石炭                  3,318 4,997 4,672 4,883 5,303 5,097 5,154 5,041 5,043 4,948 4,848 4,419 4,811 4,696 4,288 4,292
              （前年度比％）           (+13.5) (▲6.5) (+4.5) (+8.6) (▲3.9) (+1.1) (▲2.2) (+0.0) (▲1.9) (▲2.0) (▲8.8) (+8.9) (▲2.4) (▲8.7) (+0.1)
                ［シェア％］ [16.9] [22.7] [22.2] [23.5] [25.2] [25.2] [25.7] [25.4] [25.1] [25.1] [25.3] [24.6] [25.7] [25.7] [24.4] [24.6]
    天然ガス・都市ガス           2,056 3,995 4,681 4,872 4,898 4,962 4,661 4,730 4,690 4,513 4,281 4,272 4,001 3,939 3,627 3,672
              （前年度比％）            (+5.8) (+17.2) (+4.1) (+0.5) (+1.3) (▲6.1) (+1.5) (▲0.8) (▲3.8) (▲5.1) (▲0.2) (▲6.3) (▲1.5) (▲7.9) (+1.2)
                ［シェア％］ [10.5] [18.2] [22.3] [23.5] [23.3] [24.5] [23.3] [23.8] [23.4] [22.9] [22.4] [23.8] [21.4] [21.5] [20.7] [21.0]
   非化石燃料                3,287 4,144 2,560 1,767 1,848 1,854 2,067 2,203 2,508 2,844 2,899 2,718 3,153 3,047 3,385 3,469
              （前年度比％）            (+7.2) (▲38.2) (▲31.0) (+4.6) (+0.3) (+11.5) (+6.6) (+13.9) (+13.4) (+1.9) (▲6.2) (+16.0) (▲3.3) (+11.1) (+2.5)
            <2013年度比％> <+77.9> <+124.2> <+38.5> <▲4.4> <0.0> <+0.3> <+11.8> <+19.2> <+35.7> <+53.9> <+56.8> <+47.0> <+70.6> <+64.9> <+83.1> <+87.7>
                ［シェア％］ [16.7] [18.8] [12.2]       [8.5]   [8.8]   [9.1] [10.3] [11.1] [12.5] [14.4] [15.2] [15.1] [16.8] [16.7] [19.3] [19.9]
    原子力                 1,884 2,462        873    137       80       0     79     154     279     550    537    326      605    479      724    794
              （前年度比％）            (+2.8) (▲64.5) (▲84.3) (▲41.8) (▲100)         (+95.3) (+81.7) (+97.1) (▲2.4) (▲39.3) (+85.7) (▲20.9) (+51.2) (+9.6)
                ［シェア％］    [9.6] [11.2]    [4.2]   [0.7]   [0.4]   [0.0]  [0.4]   [0.8]   [1.4]   [2.8]   [2.8]  [1.8]   [3.2]   [2.6]   [4.1]  [4.5]
    水力                    819      716     729    657     679     702     726     676     710     686    673    663      674    658      648    626
              （前年度比％）            (+6.4) (+1.8) (▲9.9) (+3.4) (+3.3) (+3.5) (▲6.9) (+5.1) (▲3.4) (▲1.9) (▲1.6) (+1.7) (▲2.4) (▲1.5) (▲3.4)
                ［シェア％］    [4.2]   [3.3]   [3.5]   [3.2]   [3.2]   [3.5]  [3.6]   [3.4]   [3.5]   [3.5]   [3.5]  [3.7]   [3.6]   [3.6]   [3.7]  [3.6]
    再生可能エネルギー(水力を除く)      267      436     444    455     536     614     726     806     931 1,022 1,113 1,186 1,325 1,374 1,458 1,476
              （前年度比％）           (+11.5) (+1.7) (+2.4) (+17.9) (+14.6) (+18.3) (+10.9) (+15.5) (+9.9) (+8.9) (+6.6) (+11.7) (+3.7) (+6.1) (+1.2)
                ［シェア％］    [1.4]   [2.0]   [2.1]   [2.2]   [2.5]   [3.0]  [3.6]   [4.1]   [4.6]   [5.2]   [5.8]  [6.6]   [7.1]   [7.5]   [8.3]  [8.5]
    未活用エネルギー              318      530     514    519     553     538     536     568     588     586    576    543      549    537      555    574
              （前年度比％）           (+30.9) (▲3.0) (+1.0) (+6.7) (▲2.8) (▲0.4) (+6.0) (+3.6) (▲0.3) (▲1.7) (▲5.7) (+1.1) (▲2.2) (+3.3) (+3.4)
                ［シェア％］    [1.6]   [2.4]   [2.4]   [2.5]   [2.6]   [2.7]  [2.7]   [2.9]   [2.9]   [3.0]   [3.0]  [3.0]   [2.9]   [2.9]   [3.2]  [3.3]
（注1）2023年度からエネルギー源別の標準発熱量の最新の改訂値が適用されていますので、ご注意ください。
（注2）国内供給は、総供給から輸出供給と在庫変動を控除したもの。
（注3）再生可能エネルギー(水力を除く)には、太陽光発電、太陽熱利用、風力発電、バイオマスエネルギー、地熱発電などが含まれます。
（注4）未活用エネルギーには、廃棄物発電、廃タイヤ直接利用、廃プラスチック直接利用の「廃棄物エネルギー回収」、RDF、廃棄物ガス、再生油、
    RPFの「廃棄物燃料製品」、廃熱利用熱供給、産業蒸気回収、産業電力回収の「廃棄エネルギー直接利用」が含まれます。




                                                                          6
               実質GDP当たり一次エネルギー国内供給                                              1人当たり一次エネルギー国内供給
 GJ/億円                                                           GJ/人
5,000                                                           190
                                                                      180
                                                                180
4,500 4,298

                         3,810                                  170
4,000                                                                                     164
                                                                160
3,500
                                                                150

3,000
                                                                140
                                                   2,975                                                            140
2,500                                                           130
        2005      2010       2015          2020     2024              2005         2010         2015      2020     2024
                                                    年度                                                             年度
（年度）               2010 2011 2012 2013 2014 2015 2016 2017 2018 2019 2020 2021 2022 2023 2024
GDP当たり国内供給（GJ/億円） 4,146 3,941 3,861 3,810 3,655 3,547 3,494 3,471 3,388 3,321 3,240 3,249 3,131 3,006 2,975
1人当たり国内供給（GJ/人）   173.3 165.9 161.6 163.9 158.0 156.3 155.1 157.1 154.6 150.4 141.8 148.6 145.9 140.6 140.4
（注1）GDPは2020年連鎖価格方式
（注2）人口は住民基本台帳ベース


                                                                              エネルギー自給率
                 エネルギー自給率（IEAベース）
                                                                                ＝一次エネルギー国内産出(※1)／
 25%
   19.6%                                                                           一次エネルギー国内供給(※2)
 20%
                                                           16.3%              ※1 一次エネルギー国内産出: 石炭、原油、天然ガス、
                                                            ​                     原子力、再生可能エネルギー、未活用エネルギーの国
 15%
                                                                                  内産出量。

 10%                                                                          ※2 一次エネルギー国内供給: 石炭、石炭製品、原油、
                           6.5%                                                   石油製品、天然ガス、都市ガス、原子力、再生可能

  5%                                                                              エネルギー、未活用エネルギーの国内産出量と輸入量
                                                                                  の合計から輸出量を差引き、供給在庫変動量を加
                                                                                  減(取崩しは加算。積み増しは減算。)した量。
  0%
    2005           2010           2015            2020          2024
                                                                年度

（年度）                  2010 2011     2012   2013   2014   2015    2016       2017 2018 2019 2020 2021 2022 2023 2024
エネルギー自給率(IEAベース)     20.2% 11.5%    6.7%   6.5%   6.3%   7.3%    8.0%       9.5% 11.7% 12.1% 11.3% 13.3% 12.6% 15.3% 16.3%

                                                                              石油依存度
                 石油依存度と化石エネルギー依存度
                                                                                ＝石油国内供給(※1)／
 100%
                                                                                  一次エネルギー国内供給
  80%
                                                                              化石エネルギー依存度
  60%                                                                           ＝化石エネルギー国内供給(※2)／
                                                                                  一次エネルギー国内供給
  40%

                                                                              ※1 石油国内供給：原油及び石油製品の国内産出量と
  20%
                                                                                  輸入量の合計から輸出量を差引き、供給在庫変動
   0%                                                                             量を加減(取崩しは加算。積み増しは減算。)した量。
     2005           2010           2015           2020
                                                2024                          ※2 化石エネルギー国内供給：石炭、石炭製品、原油、

                  石油依存度              化石エネルギー依存度 年度                                石油製品、天然ガス、都市ガスの国内産出量と輸入
                                                                                  量の合計から輸出量を差引き、供給在庫変動量を
                                                                                  加減(取崩しは加算。積み増しは減算。)した量。
（年度）                  2010 2011 2012 2013 2014 2015 2016 2017 2018 2019 2020 2021 2022 2023 2024
石油依存度                40.3% 43.3% 44.4% 42.8% 41.2% 40.6% 39.6% 39.0% 37.5% 37.1% 36.5% 36.1% 36.2% 35.6% 34.5%
化石エネルギー依存度           81.2% 87.8% 91.5% 91.2% 90.9% 89.7% 88.9% 87.5% 85.6% 84.8% 84.9% 83.2% 83.3% 80.7% 80.1%



                                                           7
(参考６)

                                                     エネルギー起源CO2排出量
  Mt-CO2           エネルギー起源CO2排出量                                          Mt-CO2               部門別CO2排出量
 1,400                                                                   500
 1,200
                                                                         400
 1,000

   800                                                                   300

   600
                                                                         200
   400
                                                                         100
   200

      0                                                                    0
          2005         2010          2015         2020       2024              2005        2010           2015           2020       2024
                                                             年度                       農林水産鉱建設業                    製造業               年度
                                                                                      業務他                         家庭
                                                                                      運輸                          エネルギー転換


                                                          エネルギー起源CO2排出量
                                                                                                                        （単位：Mt-CO2、％）
                                                                                                                                       2024
年度                        1990 2010 2011 2012 2013 2014 2015 2016 2017 2018 2019 2020 2021 2022 2023 2024
                                                                                                                                      /2013
エネルギー起源CO2排出量    1,068 1,137 1,188 1,227 1,235 1,185 1,146 1,126 1,109 1,064 1,028                  968 987 961            922 907 -26.6%
       （前年度比％）            (+4.6) (+4.5) (+3.3) (+0.7) (▲4.1) (▲3.3) (▲1.7) (▲1.5) (▲4.1) (▲3.3) (▲5.9) (+2.0) (▲2.6) (▲4.1) (▲1.6)
      <2013年度比％> <▲13.6> <▲8.0> <▲3.8> <▲0.7> <0.0> <▲4.1> <▲7.3> <▲8.8> <▲10.2> <▲13.9> <▲16.8> <▲21.6> <▲20.1> <▲22.2> <▲25.4> <▲26.6>
 企業・事業所他部門         637 633         673 688 699 671              648 632 620 604              579 538 560 530               505 496 -29.0%
       （前年度比％）            (+5.1) (+6.3) (+2.2) (+1.5) (▲3.9) (▲3.5) (▲2.4) (▲2.0) (▲2.5) (▲4.1) (▲7.1) (+4.1) (▲5.4) (▲4.8) (▲1.6)
          ［シェア％］ [59.7] [55.7] [56.7] [56.1] [56.6] [56.6] [56.6] [56.2] [55.9] [56.8] [56.3] [55.6] [56.8] [55.1] [54.7] [54.7]
   農林水産鉱建設業         40       27      29     29     26    25      27     28     27     25      26     27     26      25      24      24 -7.3%
       （前年度比％）            (▲2.4) (+8.1) (▲2.0) (▲10.7) (▲1.5) (+6.1) (+2.9) (▲2.7) (▲7.6) (+3.9) (+5.4) (▲4.5) (▲2.5) (▲4.7) (▲1.3)
          ［シェア％］ [3.7] [2.4] [2.5] [2.3] [2.1] [2.1] [2.3] [2.5] [2.4] [2.3] [2.5] [2.8] [2.6] [2.6] [2.6] [2.6]
   製造業             466 405         419 430 438 420              404 392 385 378              362 329 347 327               318 310 -29.1%
       （前年度比％）            (+7.5) (+3.3) (+2.8) (+1.7) (▲4.0) (▲3.9) (▲2.9) (▲1.8) (▲1.7) (▲4.3) (▲9.2) (+5.6) (▲5.8) (▲2.7) (▲2.6)
          ［シェア％］ [43.6] [35.6] [35.3] [35.1] [35.4] [35.5] [35.2] [34.8] [34.7] [35.6] [35.2] [34.0] [35.2] [34.1] [34.6] [34.2]
   業務他             132 201         225 229 235 226              217 212 208 201              191 182 187 177               162 162 -31.0%
       （前年度比％）            (+1.5) (+12.2) (+1.6) (+2.7) (▲4.1) (▲3.7) (▲2.3) (▲2.2) (▲3.4) (▲4.7) (▲5.0) (+2.8) (▲5.2) (▲8.6) (+0.2)
          ［シェア％］ [12.3] [17.7] [19.0] [18.7] [19.0] [19.0] [19.0] [18.9] [18.7] [18.9] [18.6] [18.8] [18.9] [18.4] [17.6] [17.9]
 家庭部門              126 175         188 207 209 197              186 180 184 160              157 167 160 158               147 146 -29.9%
       （前年度比％）           (+10.4) (+7.0) (+10.5) (+0.7) (▲5.5) (▲5.6) (▲3.2) (+2.2) (▲13.3) (▲2.0) (+6.7) (▲4.3) (▲1.2) (▲6.7) (▲0.7)
          ［シェア％］ [11.8] [15.4] [15.8] [16.9] [16.9] [16.6] [16.2] [16.0] [16.6] [15.0] [15.2] [17.2] [16.2] [16.4] [16.0] [16.1]
 運輸部門              208 228         225 227 224 219              217 215 213 210              206 183 185 192               190 187 -16.5%
       （前年度比％）            (+0.6) (▲1.4) (+0.8) (▲1.2) (▲2.4) (▲0.7) (▲0.9) (▲1.0) (▲1.4) (▲2.1) (▲10.9) (+0.8) (+3.7) (▲0.7) (▲1.6)
          ［シェア％］ [19.5] [20.1] [19.0] [18.5] [18.2] [18.5] [19.0] [19.1] [19.2] [19.8] [20.0] [18.9] [18.7] [19.9] [20.6] [20.6]
 エネルギー転換部門          97 100         102 105 104            98     94     98     92     90      87     80     82      82      80      77 -25.8%
       （前年度比％）            (+1.0) (+1.9) (+2.9) (▲1.1) (▲5.6) (▲3.6) (+4.2) (▲6.0) (▲2.4) (▲3.9) (▲7.9) (+3.1) (▲0.6) (▲2.5) (▲3.6)
          ［シェア％］ [9.1] [8.8] [8.6] [8.5] [8.4] [8.2] [8.2] [8.7] [8.3] [8.5] [8.4] [8.2] [8.3] [8.5] [8.6] [8.5]
（注1）2023年度からエネルギー源別の標準発熱量、炭素排出係数の最新の改訂値が適用されていますので、ご注意ください。
（注2）「2024/2013」は2024年度の2013年度比増減率。




                                                                     8
              実質GDP当たりCO2排出量                                          1人当たりCO2排出量
 t-CO2/億円                                                t-CO2/人
240                                                     10
                                                                           9.6
      225                                                    9.4
220
                     224
                                                         9
200

180
                                                         8

160
                                              154                                               7.3
140                                                      7
      2005    2010         2015     2020     2024            2005   2010         2015   2020   2024
                                              年度                                                年度


                                    電力のCO2排出原単位（使用端）
 kg-CO2/kWh
0.7
                                           0.58
0.6

0.5

0.4
      0.43                                                                                     0.45
0.3

0.2

0.1

0.0
      2005                   2010                       2015                     2020          2024
                                                                                               年度




                                                    9
(参考７)

                総合エネルギー統計2024年度確報／使用統計等の反映状況


１．2024年度データ反映済みのもの

１.1.    資源・エネルギー統計(2024年1月～12月分については年間補正済み) [#110000 国内産出、
        #120000 輸入、#160000 輸出、#190000 供給在庫変動等の$0300 原油、$0500 天然ガス、
        #222000 石油製品製造等の$0400 石油製品]
１.2.    石炭の国内生産量 [#110000 国内産出の$0100 石炭]
１.3.    貿易統計 [#120000 輸入、#160000 輸出の$0100 石炭、$0200 石炭製品、$0455 オイル
        コークス、$0458 LPG、$0510 輸入天然ガス、$N130 バイオマス]
１.4.    木材需給表 [#110000 国内産出の$N131 木材利用]
１.5.    バイオディーゼル国内生産量 [#110000 国内産出の$N135 バイオディーゼル]
１.6.    石油等消費動態統計(2024年1月～12月分については年間補正済み) [#250000 自家用発電、
        #260000 自家用蒸気発生、#500000 最終エネルギー消費の製造業大規模事業所、#355000
        製造業在庫等]
１.7.    エネルギー消費統計 [#250000 自家用発電、#260000 自家用蒸気発生、#500000 最終エネル
        ギー消費の製造業中小規模事業所、#650000 業務他]
１.8.    経済産業省生産動態統計年報 化学工業統計編 [#225000 石油化学、#225100 エチレン工程:
        分解ガス・分解油生成]
１.9.    ガス事業生産動態統計 [#231000 一般ガス製造、#700000 家庭の$0610 一般ガス]
１.10.   ガス事業生産動態統計（旧簡易 ガス事業） [#232000 簡易ガス製造、#650000 業務他、
        #700000 家庭の$0620 簡易ガス]
１.11.   電力調査統計 [#240000 事業用発電、#305000 送配電損失、#250000 自家用発電の再生
        可能エネルギー($N110 太陽光、$N120 風力、$N130 バイオマス、$N160 地熱)、$N221 廃棄
        物]
１.12.   日本の原子力発電所運転実績 [#240000 事業用発電の$1100原子力発電]
１.13.   総合エネルギー統計補足調査（電気事業者の発電量内訳等調査） [#301400 事業用電力、
        #272000 その他熱供給]
１.14.   廃タイヤの有効利用量 [#260000 自家用蒸気発生の$N222 廃タイヤ]
１.15.   廃プラスチックのリサイクル利用量 [#260000 自家用蒸気発生の$N223 廃プラスチック]
１.16.   畜産統計調査 [#611000 農業 推計用]
１.17.   面積調査 [#611100 農業 推計用]
１.18.   石油製品価格調査 [#611300 漁業 推計用]
１.19.   漁業経営統計調査 [#611300 漁業 推計用]
１.20.   主要建設資材需要見通し(石油アスファルト統計) [#615000 建設業の $0453 アスファルト]
１.21.   熱供給関係データ(熱供給事業便覧) [#650000 業務他、#700000 家庭の$1350 熱供給、
        #271000 地域熱供給]
１.22.   太陽熱利用 [#650000 業務他、#700000 家庭の$N112 太陽熱利用]
１.23.   特用林産物生産統計調査 [$N130 バイオマス]


                                  10
１.24.   家計調査 [#700000 家庭の$0433 灯油、$0458 LPG、$1200 電力 推計用、#811150 乗用
        車の家計利用寄与 推計用]
１.25.   LPガス資料年報 [#700000 家庭の$0458 LPG 推計用]
１.26.   国民経済計算 家計最終消費支出 [#700000 家庭の$1200 電力、#811150 乗用車の家計利
        用寄与 推計用]
１.27.   住民基本台帳に基づく人口、人口動態及び世帯数 [#700000 家庭の$0433 灯油、$0458 LPG、
        $1200 電力 推計用、#811150 乗用車の家計利用寄与 推計用]
１.28.   自動車輸送統計調査 [#811000 乗用車、#851000 貨物自動車の$0451 潤滑油 推計用]
１.29.   自動車燃料消費量調査 [#811000 乗用車、#811500 バス、#851000 貨物自動車の$0431
        ガソリン、$0434 軽油等]
１.30.   CNG車種別走行距離 [#811100 乗用車、#811500 バス、#851000 貨物自動車の$0600 都
        市ガス]
１.31.   自動二輪車関係各種データ [#812000 二輪車]
１.32.   鉄道輸送統計調査 [#813000 鉄道、#852000 鉄道の$0451 潤滑油 推計用]
１.33.   航空輸送統計調査 [#815000 航空、#853000 航空]
１.34.   内航船舶輸送統計調査 [#853000 貨物船舶の$0434 軽油、$0435 重油]

2. 2024年度データ未反映のもの

２.1.    園芸用施設の設置等の状況(2023年度以降未反映) [#611100 農業 推計用]
２.2.    農林業センサス(2021年度以降未反映) [#611100 農業 推計用]
２.3.    石油製品価格調査 [#611100 農業、#611200 林業 推計用]
２.4.    農業物価統計調査 [#611100 農業 推計用]
２.5.    農業経営統計調査 [#611100 農業 推計用]
２.6.    林業産出額 [#611200 林業 推計用]
２.7.    漁業センサス [#611300 漁業 推計用]
２.8.    産業連関表(2021年度以降未反映) [#611200 林業、#611300 漁業 推計用]
２.9.    道府県税の課税状況等に関する調 [#652410 国家公務の$0434 軽油]
２.10.   地域別都市ガス消費量 [#700000 家庭の地域別の$0610 一般ガス]
２.11.   蒸気機関車の走行距離と燃費 [#813000 鉄道、#852000 鉄道の$0100 石炭 推計用]
２.12.   鉄道統計年報 [#813000 旅客鉄道、#852000 貨物鉄道の$0434 軽油、$1200 電力]
２.13.   旅客船舶用軽油(2023年度以降未反映) [#814000 旅客船舶の$0434 軽油]
２.14.   旅客船舶用重油(2023年度以降未反映) [#814000 旅客船舶の$0435 重油]
２.15.   バイオマス、廃棄物熱利用 [#260000 自家用蒸気発生の$N130 バイオマス、$N210 廃棄物エネル
        ギー活用]




                                  11
