                                                         2026(令和８)年２月25日
                                                         【照会先】
                                                         政策統括官付参事官付雇用・賃金福祉統計室
                                                          統 計 管 理 官     渡邉 学
                                                          室 長 補 佐       細野 晃司
                                                             毎勤調整係・企画調整係
                                                           (代表電話) 03(5253)1111 (内線7609,7610)
                                                           (直通電話) 03(6812)7819




               毎月勤労統計調査 2025(令和７)年12月分結果確報

【調査結果の概要】 ※１ （）内は前年同月比を示す。
             ※２ 断りのない限り事業所規模５人以上の結果。
１ 名目賃金（一人平均）【７ページ 第１表】
 (1) 就業形態計
     ・現金給与総額〔規模５人以上〕             632,196円（2.4％増）
             〔規模30人以上〕           759,081円（2.4％増）
     ・きまって支給する給与                 291,279円（2.0％増）
     ・所定内給与                      270,719円（2.1％増）
     ・特別に支払われた給与                 340,917円（2.7％増）
 (2) 一般労働者
     ・現金給与総額                     861,480円（2.8％増）
     ・所定内給与                      344,794円（2.4％増）
 (3) パートタイム労働者
     ・現金給与総額                     132,794円（1.8％増）
     ・所定内給与                      109,377円（2.0％増）
      時間当たり給与（所定内給与）               1,426円（3.5％増）

２ 実質賃金指数（2020（令和２）年平均＝100）【10ページ 時系列第１表、13ページ 時系列
第６表】
 〇消費者物価指数（持家の帰属家賃を除く総合）で実質化したもの
   ・現金給与総額                          172.2（0.1％減）
 （参考）消費者物価指数（持家の帰属家賃を除く総合）の前年同月比          2.4％上昇
 〇消費者物価指数（総合）で実質化したもの
   ・現金給与総額                          175.8（0.3％増）
 （参考）消費者物価指数（総合）の前年同月比                    2.1％上昇

３ 共通事業所による賃金【14ページ 参考資料】
 (1) 就業形態計             (3) パートタイム労働者
     ・現金給与総額    3.2％増      ・現金給与総額                                                3.3％増
     ・所定内給与     2.3％増      ・所定内給与                                                 2.8％増
 (2) 一般労働者
     ・現金給与総額    3.3％増
     ・所定内給与     2.2％増
 注１：２つの実質賃金は、賃金の購買力を示すため、実際に取引が行われている財・サービスに限定している消費者物価指数（持家の帰属家賃を
      除く総合）を用いて作成し、また、国際比較のため、消費者物価指数（総合）を用いて作成している。
 注２：今回の調査対象事業所数は32,646事業所、回答事業所数は25,231事業所、回収率は77.3％であった。


 ※１   調査結果に関する留意事項については、最終頁の利用上の注意をご覧ください。
 ※２   毎月勤労統計調査に関する情報は、以下のURL（厚生労働省ホームページ）にも掲載しております。
      (https://www.mhlw.go.jp/toukei/list/30-1.html)
      また、毎月勤労統計調査に関する詳細な結果は、以下のURL（政府統計の総合窓口（e-Stat））に掲載しております。
      (https://www.e-stat.go.jp/stat-search/files?page=1&toukei=00450071&tstat=000001011791)




                                              - 1 -
        付表    前年比（％）、前年差（ポイント）の推移（調査産業計、事業所規模５人以上）
                                      賃       金                                                  「持家の帰属家賃を
                                                                                                                  「総合」で実質化
                                                                                                                                     労  働          時       間          常 用 雇 用
                       現金給与総額                                                                    除く総合」で実質化                         総実労働時間
                               きまっ                      特別に                                      （注2）     （注3）    （注2）     （注3）                                              （注5）
               年 月             て支給     所定内          所定外 支払わ                                      実質       （参考）    実質       （参考）            所定内 所定外                           パート
                           一 般 す る 一 般 給 与 一 般 （注1） 給 与 れ た 一                              般     賃金       消費者     賃金
                                                                                                                   消費者                     労 働 労 働 製造業                       タイム
                               給 与              パート     給 与                                      （総額）      物価 （総額） 物価                      時 間 時 間 （注4）                      労働者
                                               時間当                                                         指数       指数                                     季調値                比率
                            ％      ％      ％      ％      ％      ％      ％       ％      ％      ％         ％      ％         ％      ％       ％       ％        ％         ％      ％    ポイント
               2018年       1.4    1.6    0.9    1.0    0.8    1.0   2.3      0.7    3.6    3.9     0.2      1.2     0.5      1.0    -0.8    -0.8    -1.5          -    0.2    0.19
               2019年      -0.4    0.3   -0.2    0.5   -0.1    0.6   2.7     -0.8   -1.0   -0.3    -1.0      0.6    -0.9      0.5    -2.2    -2.2    -1.9          -    1.2    0.65
               2020年      -1.2   -1.7   -0.7   -1.1    0.2   -0.1   3.9    -12.1   -3.6   -4.5    -1.2      0.0    -1.2      0.0    -2.8    -2.0   -13.2          -    0.2   -0.40
               2021年       0.3    0.5    0.5    0.8    0.3    0.4   0.8      3.9   -0.8   -0.4     0.6     -0.3     0.5     -0.2     0.6     0.4     5.1          -    0.5    0.15
               2022年       2.0    2.3    1.4    1.6    1.1    1.3   1.6      5.0    4.6    5.2    -1.0      3.0    -0.5      2.5     0.1    -0.3     4.6          -    0.8    0.32
               2023年       1.2    1.8    1.1    1.6    1.2    1.6   3.0      0.2    1.9    2.8    -2.5      3.8    -2.0      3.2     0.1     0.2    -0.9          -    1.9    0.64
               2024年       2.8    3.2    2.0    2.4    2.1    2.4   4.3      0.0    6.7    7.0    -0.3      3.2     0.0      2.7    -1.0    -0.9    -2.7          -    1.2    0.51
               2025年       2.3    2.9    2.0    2.3    2.0    2.5   3.8      1.3    3.8    4.5    -1.3      3.7    -0.8      3.2    -1.4    -1.3    -2.5          -    1.5    0.45
               2023年12月   0.8     1.4    1.2    1.6    1.4    1.8    3.8    -1.2    0.4    1.3    -2.1      3.0    -1.8      2.6    -0.9    -0.5    -3.8       -1.1    2.0    0.59
               2024年１月    1.5     2.1    1.1    1.6    1.3    1.8    3.6    -1.5   12.4   13.4    -1.1      2.5    -0.6      2.2    -0.9    -0.6    -4.0       -2.4    1.2    0.68
                    ２月    1.4     1.8    1.5    1.9    1.7    2.2    3.8    -1.6   -4.1   -4.3    -1.8      3.3    -1.4      2.8    -0.5    -0.4    -2.0        0.6    1.3    0.56
                    ３月    1.0     1.3    1.5    1.8    1.7    2.0    4.9    -0.5   -5.8   -5.1    -2.1      3.1    -1.7      2.7    -2.6    -2.6    -2.8        1.0    1.4    0.56
                    ４月    1.6     2.1    1.6    2.1    1.8    2.3    3.6    -1.2    2.2    3.5    -1.2      2.9    -0.8      2.5    -0.9    -0.7    -2.8       -1.1    1.2    0.62
                    ５月    2.0     2.6    2.0    2.6    2.1    2.6    4.1     0.9    0.1    1.2    -1.3      3.3    -0.9      2.8     1.0     1.2    -2.0        2.0    1.3    0.73
                    ６月    4.5     5.0    2.1    2.6    2.2    2.7    4.7     0.9    7.8    8.1     1.1      3.3     1.5      2.8    -3.1    -3.1    -2.9       -0.4    1.1    0.54
                    ７月    3.4     3.9    2.2    2.5    2.4    2.6    3.7    -0.2    6.6    7.1     0.3      3.2     0.7      2.8     0.6     0.8    -2.0        1.4    1.2    0.45

- 2 -
                    ８月    2.8     3.1    2.4    2.7    2.4    2.7    4.8     1.7   12.0   12.9    -0.8      3.5    -0.4      3.0    -1.1    -1.0    -3.1       -1.0    1.2    0.48
                    ９月    2.5     2.6    2.2    2.4    2.5    2.7    4.7    -0.9   12.4   13.1    -0.4      2.9    -0.1      2.5    -2.7    -2.7    -3.0        0.3    1.0    0.23
                    10月   2.2     2.5    2.3    2.7    2.5    2.7    4.3     0.7   -2.2   -1.2    -0.4      2.6     0.0      2.3    -0.4    -0.2    -2.8       -0.1    1.0    0.45
                    11月   3.9     4.2    2.5    2.7    2.5    2.7    4.5     1.4   24.9   25.4     0.5      3.4     0.9      2.9    -0.3    -0.2    -1.9       -1.0    0.9    0.40
                    12月   4.4     4.7    2.4    2.7    2.6    2.8    4.7     0.8    6.2    6.4     0.3      4.2     0.7      3.6    -1.1    -0.9    -2.8       -1.1    0.9    0.36
               2025年１月    1.8     2.0    2.2    2.5    2.1    2.6    4.3     1.5   -7.4   -8.3    -2.8      4.7    -2.2      4.0    -0.2    -0.1    -1.0        2.8    1.7    0.55
                    ２月    2.7     3.6    1.4    2.2    1.3    2.1    4.6     2.4   74.1   79.5    -1.5      4.3    -0.8      3.7    -2.8    -2.8    -3.0        0.4    1.6    0.73
                    ３月    2.3     2.9    1.4    1.9    1.4    2.0    4.0    -0.4   14.5   14.9    -1.8      4.2    -1.2      3.6    -2.7    -2.6    -2.8       -1.8    1.7    0.58
                    ４月    2.0     2.5    2.1    2.6    2.1    2.6    4.1     1.3    0.1    1.3    -2.0      4.1    -1.5      3.6    -1.3    -1.3    -2.8        2.1    1.7    0.56
                    ５月    1.4     1.6    2.0    2.1    2.0    2.2    4.1     1.4   -6.6   -6.0    -2.6      4.0    -2.0      3.5    -1.7    -1.8    -1.0        0.4    1.7    0.35
                    ６月    3.1     3.8    2.0    2.4    2.0    2.6    3.7     0.5    4.4    5.4    -0.8      3.8    -0.1      3.3    -0.4    -0.1    -3.0       -0.7    1.5    0.53
                    ７月    3.4     4.0    2.1    2.5    2.0    2.5    3.1     3.0    6.3    7.1    -0.2      3.6     0.3      3.1     0.3     0.4    -3.0       -0.9    1.4    0.47
                    ８月    1.3     1.8    1.8    2.2    1.9    2.4    3.6     0.4   -7.8   -7.1    -1.7      3.1    -1.4      2.7    -2.3    -2.3    -3.3       -1.5    1.3    0.39
                    ９月    2.1     2.6    2.0    2.4    2.0    2.5    2.8     1.0    3.8    4.7    -1.3      3.4    -0.7      2.9    -0.1     0.0    -2.0       -0.1    1.3    0.42
                    10月   2.5     2.7    2.5    2.5    2.4    2.6    3.2     2.1    6.4    6.6    -0.8      3.4    -0.5      3.0     0.2     0.4    -1.9        1.8    1.3    0.20
                    11月   1.7     2.1    1.9    2.3    1.9    2.4    4.0     1.2   -1.5   -0.8    -1.6      3.3    -1.2      2.9    -3.9    -3.9    -3.8       -1.2    1.3    0.37
        速報→         12月   2.4     2.7    2.1    2.4    2.2    2.5    3.4     0.9    2.6    3.0    -0.1      2.4     0.3      2.1    -1.7    -1.6    -3.0       -0.7    1.2    0.22
        確報→         12月   2.4    r2.8   r2.0    2.4   r2.1   r2.4   r3.5    r1.5   r2.7   r3.1    -0.1      2.4     0.3      2.1   r-1.6    -1.6   r-2.0       r0.0   r1.3   r0.29

        注1：パート時間当は、所定内給与（パートタイム労働者）を所定内労働時間（パートタイム労働者）で除して算出している。
        注2：実質賃金（総額）は、現金給与総額指数を消費者物価指数で除して算出しており、賃金の購買力を示すため、実際に取引が行われている財・サービスに限定して
           いる「持家の帰属家賃を除く総合」を、国際比較のため「総合」をそれぞれ用いて作成している。
        注3：消費者物価指数は、総務省で公表している消費者物価指数の前年（同月）比を掲載している。
        注4：季節調整値（季調値）は、前月比であり、2025（令和７）年１月分速報公表時において過去に遡って改訂した。
        注5：パートタイム労働者比率は、前年差（ポイント）の推移となっている。
        注6：ｒは速報から確報時に改訂（revised）された値を表す。
        注7：2024（令和６）年１月分確報において、推計に用いる母集団労働者数の更新作業（ベンチマーク更新）を実施した。賃金・労働時間及びパートタイム労働者比率の2024（令和６）
           年（１月分確報以降）の前年同月比等については、2023（令和５）年１月にベンチマーク更新を行った参考値を作成し、この参考値と2024（令和６）年の値を比較することにより
           算出しているため、指数から算出した場合と一致しない。
１－１図        賃金の動き             事業所規模別現金給与総額

   ％         （前年比、前年同月比）
  5.0
                                       4.9
                   ５人以上
                   30人以上        4.4
  4.0                                                                          3.8
                                                                                          3.6
                                                    3.3

                                                                                                                   2.9
  3.0                                                                                    3.4
                                                                                                       2.6
                                              2.2                                  3.1
                                                                  2.4                                                            2.4
                                                            2.3
                                                    2.7                                                                    2.0
                                                                                                 1.7               2.5
  2.0                                                                    1.4
                                                                                                                                  2.4
                                                                                                             2.1
                                                                  2.0
                                             1.8           2.1
                                                                                                                         1.7

                                                                                                1.3
  1.0                                                                    1.2




  0.0

               年平均                    月次
 -1.0
        2022 2023 2024 2025       12    1  2               3      4      5     6          7     8      9           10    11      12
                                 2024 2025




１－２図        賃金の動き             事業所規模別きまって支給する給与

  ％          （前年比、前年同月比）
  5.0
                   ５人以上

  4.0              30人以上


                                 3.1

  3.0                                        2.6
                                                                                                                   2.8

                                                                                         2.4
                                                                  2.3          2.3                     2.3                       2.3
                                                                                                                          2.2
                                                                         2.0                    2.0
                                 2.4                                                                               2.5
  2.0                                    2.2
                                                     1.8
                                                                                         2.1
                                                           1.4     2.1   2.0   2.0                     2.0                       2.0
                                                                                                                         1.9
                                                                                                1.8

                                                    1.4    1.4
  1.0


  0.0

               年平均                    月次
 -1.0
        2022 2023 2024 2025      12    1  2                3      4      5     6         7      8      9           10    11      12
                                2024 2025




                                                           - 3 -
１－３図        賃金の動き             就業形態別所定内給与

  ％          （前年比、前年同月比）
 5.0
                                                                                             一般労働者

                                                                                             パートタイム労働者
 4.0                              3.6
                                         3.5

                                                                      3.1

 3.0                                                            2.7         2.7
                                                                                                         2.6
                                                                                   2.5   2.4      2.5            2.4
                                  2.8                                                                                      2.4
                                        2.6     2.1   2.0                   2.6
                                                                2.6                                      2.6
                                                                                  2.4
 2.0                                                                  2.2
                                                                                                  2.1
                                                                                                                            2.0
                                               1.8    1.8
                                                                                         1.5
 1.0                                                                                                             1.1




 0.0

               年平均                    月次
 -1.0
        2022 2023 2024 2025        12    1  2         3         4     5     6      7     8        9      10      11    12
                                  2024 2025




１－４図        賃金の動き             産業別現金給与総額


   ％           （前年同月比）
  8.0

  7.0

  6.0

  5.0

  4.0                                                                                                        製   造     業

  3.0                                                                                                    その他のサービス業
                                                                                                         医 療，福 祉
  2.0

  1.0
                                                                                                             飲食サービス業等
  0.0

 -1.0                                                                                                        卸売業，小売業

 -2.0
          12   1   2          3   4       5      6          7         8     9       10       11         12
         2024 2025




                                                      - 4 -
１－５図        実質賃金の動き           事業所規模別現金給与総額

   ％         （前年比、前年同月比）
                                                                                                       名目賃金（５人以上）
  6.0                                                                                                  実質賃金（５人以上）
                                4.9                                                                    名目賃金（30人以上）
  5.0                                                                                                  実質賃金（30人以上）
                                                                                    3.8
  4.0                          4.4                   3.3
                                                                                               3.6

                                                                                                                     2.9
  3.0                                        2.2
                                                               2.3   2.4                3.1
                                                                                              3.4             2.6
                                                                                                                                        2.4
                                                                                                       1.7                        2.0
                                                      2.7
                                                                                                                     2.5
  2.0                                                                       1.4
                                                                                                               2.1
                                                                                                                                        2.4
                                                              2.1    2.0
                                         1.8                                                                                  1.7
  1.0                           0.6                                          1.2                      1.3
                                                                                               0.1
                              0.3                                                   -0.1                                                -0.1
  0.0                                                                                                         -0.7         -0.5
                                                     -1.0                                              -1.4                   -1.2
                                                                                              -0.2                                      -0.1
 -1.0                                                                -1.6               -0.8
                                                              -1.8                                                   -0.8
                                             -2.3
                                                                                                              -1.3
                                                                            -2.6
 -2.0                                                 -1.5                                            -1.7                    -1.6
                                                              -2.0   -2.0

 -3.0                                          -2.8
                                                                            -2.8
               年平均                   月次
 -4.0
        2022 2023 2024 2025     12    1  2                    3      4       5      6          7       8      9      10       11        12
                               2024 2025
 注：実質賃金については、名目賃金指数を消費者物価指数（持家の帰属家賃を除く総合）で除して算出した
   実質賃金指数の前年(同月)比である。



１－６図        実質賃金の動き           事業所規模別きまって支給する給与

   ％         （前年比、前年同月比）
  6.0
                 名目賃金（５人以上）
  5.0            実質賃金（５人以上）
                 名目賃金（30人以上）
  4.0            実質賃金（30人以上）
                                3.1
                                                                                                                     2.8
  3.0                                    2.6
                                                                     2.3            2.3        2.4            2.3                       2.3
                                                                                                                              2.2
                                                                            2.0                       2.0
                                                     1.8
  2.0                           2.4
                                        2.2                   1.4
                                                                                                                     2.5
                                                                     2.1    2.0     2.0        2.1            2.0                       2.0
                                                                                                      1.8                     1.9
  1.0                                               1.4       1.4

                                                                                                                                        -0.2
  0.0                                                                                                                -0.5
                               -1.0                                                           -1.1    -1.0    -1.0           -1.1
                                                                                                                                        -0.4
 -1.0                                                                -1.7
                                                                                    -1.4
                                                                            -1.9                                     -0.9
                                             -2.0                                                     -1.2 -1.2              -1.3
 -2.0                         -1.6                  -2.4
                                                             -2.7
                                                                                               -1.4
                                                                                     -1.7
                                                                     -1.9    -2.0
                                      -2.4
 -3.0                                               -2.7 -2.8
               年平均                  月次
 -4.0
        2022 2023 2024 2025    12    1  2                     3      4      5       6          7      8       9      10      11         12
                              2024 2025
 注：実質賃金については、名目賃金指数を消費者物価指数（持家の帰属家賃を除く総合）で除して算出した
   実質賃金指数の前年(同月)比である。




                                                              - 5 -
２図      労働時間の動き

     ％       （前年比、前年同月比）
  6.0
                                                                                             総実労働時間（就業形態計）

  4.0                                                                                        所定外労働時間（就業形態計）



  2.0

                                                                                                    0.3                        0.2
                                         -0.2                                                                      -0.1
  0.0
                                                                              -1.0
                                -1.1                                                         -0.4
                                                                    -1.3
                                                                                                           -2.3                                -1.6

                                                       -2.8
 -2.0                                    -1.0
                                                          -2.7                -1.7
                                                                                                                             -1.9      -3.8
                                                                                                                      -2.0                         -2.0
                                -2.8                       -2.8     -2.8
                                                  -3.0                                -3.0      -3.0
                                                                                                           -3.3
 -4.0                                                                                                                                 -3.9


                年平均                  月次
 -6.0
        2022 2023 2024 2025     12    1  2                    3         4        5       6          7         8       9       10      11       12
                               2024 2025




３図      常用雇用、パートタイム労働者比率の動き

   ％      （前年比、前年同月比）                                                                        （前年差、前年同月差）                                           ポイント
  2.5                                                                                                                                               2.00

  2.0                                                    1.7      1.7
                                                                                                                                                    1.60
                                       1.7                                  1.7
                                                1.6
                                                                                     1.5
                                                                                               1.4
  1.5                                                                                                     1.3     1.3        1.3     1.3       1.20 パ
                                                                                                                                             1.3
                                                                                                                                                     ー
                              0.9                                                                                                                    ト
  1.0                                                                                                                                          0.80 タ
常                                               0.73
                                                                                                                                                     イ
用                                                        0.58     0.56
  0.5                                  0.55                                          0.53
                                                                                               0.47                                            0.40 ム
雇                             0.36                                          0.35                          0.39    0.42               0.37            労
用                                                                                                                                         0.29
                                                                                                                                               0.00 働
                                                                                                                          0.20
  0.0
                                                                                                                                                     者
                                                                                                                                                     比
 -0.5                                                                                                                                          -0.40 率
                                                                                 常用雇用（就業形態計）
 -1.0                                                                                                                                               -0.80
                                月次                                               パートタイム労働者比率（右目盛）
              年平均
 -1.5                                                                                                                                               -1.20
     2022 2023 2024 2025       12    1  2                 3        4         5       6         7          8       9          10      11       12
                              2024 2025




                                                              - 6 -
                                          統       計      表
                                     第１表       月間現金給与額
（事業所規模５人以上、2025（令和７）年12月確報）
            現金給与総額
   産   業              きまって支給                                                                特別に支払われ
                      する給与                              所 定 内 給 与         所 定 外 給 与         た給与
                             前年比               前年比                前年比               前年比                前年比
就業形態計                   円       ％         円       ％          円       ％         円       ％          円       ％
  調 査 産 業 計        632,196     2.4   291,279     2.0    270,719     2.1    20,560     1.5    340,917     2.7
  鉱業，採石業等          955,948    16.1   360,358     9.0    337,476    11.3    22,882   -16.4    595,590    20.9
  建   設   業        817,659     2.5   370,511    -0.5    343,480    -1.0    27,031     4.3    447,148     5.2
  製   造   業        830,029     4.1   341,674     3.9    308,557     3.6    33,117     5.8    488,355     4.4
  電気 ・ ガス業       1,254,610     2.7   490,532     4.5    430,271     4.0    60,261     9.4    764,078     1.5
  情 報 通 信 業      1,047,185     5.5   427,112     3.3    391,972     3.8    35,140    -2.5    620,073     7.1
  運輸業，郵便業          652,552    -2.2   329,053    -1.5    282,917    -1.8    46,136     1.0    323,499    -3.0
  卸売業，小売業          535,988     2.0   257,659     2.7    244,453     2.9    13,206    -0.2    278,329     1.2
  金融業，保険業        1,024,504     1.9   421,833     6.7    395,191     7.4    26,642    -1.8    602,671    -1.3
    不動産・物品賃貸業      811,718     1.7   343,239     2.5    321,329     2.9    21,910    -2.7    468,479     1.1
    学 術 研 究 等      917,043     0.9   410,168     0.0    382,997    -0.4    27,171     4.4    506,875     1.6
    飲食サービス業等       179,454     0.2   135,157     2.4    127,311     2.5     7,846     0.4     44,297    -6.0
    生活関連サービス等      347,726     4.6   221,834     5.7    210,644     5.1    11,190    19.8    125,892     2.6
    教育，学習支援業       891,429     3.5   307,147     2.0    300,330     2.1     6,817     3.7    584,282     4.3
    医    療，福 祉     537,312     2.5   268,913     1.7    254,726     2.0    14,187    -3.1    268,399     3.3
    複合サービス事業       799,264     7.0   320,177     5.5    301,314     5.7    18,863     0.1    479,087     8.0
    その他のサービス業      450,732     3.0   255,619     1.9    236,156     1.9    19,463     2.1    195,113     4.5

    一般労働者               円       ％         円       ％          円       ％         円       ％          円       ％
     調 査 産 業 計     861,480     2.8   373,212     2.4    344,794     2.4    28,418     1.7    488,268     3.1
     鉱業，採石業等     1,021,188    20.6   381,225    12.4    356,600    14.8    24,625   -12.9    639,963    25.9
     建   設   業     858,443     3.0   385,765    -0.2    357,271    -0.5    28,494     4.8    472,678     5.8
     製   造   業     927,021     4.2   370,705     3.9    333,941     3.6    36,764     6.0    556,316     4.4
     電気 ・ ガス業    1,287,579     1.8   502,737     3.7    440,379     3.3    62,358     7.9    784,842     0.5
     情 報 通 信 業   1,091,696     4.2   441,589     2.3    404,895     2.9    36,694    -3.7    650,107     5.5
     運輸業，郵便業       764,358     0.0   371,737     0.0    317,683    -0.4    54,054     2.9    392,621    -0.1
     卸売業，小売業       873,165     2.4   376,856     3.1    354,725     3.2    22,131     0.7    496,309     2.0
     金融業，保険業     1,123,806     2.5   454,242     7.7    424,815     8.3    29,427    -1.1    669,564    -0.8
     不動産・物品賃貸業     989,313     3.5   401,238     3.6    374,368     4.1    26,870    -1.3    588,075     3.5
     学 術 研 究 等   1,011,455     2.4   445,203     0.9    414,892     0.6    30,311     5.8    566,252     3.6
     飲食サービス業等      512,542    -1.4   317,380     1.4    291,907     2.1    25,473    -5.1    195,162    -5.8
     生活関連サービス等     569,694     2.1   333,268     3.9    314,994     3.3    18,274    14.2    236,426    -0.1
     教育，学習支援業    1,274,874     4.6   415,039     2.8    405,171     2.7     9,868     4.6    859,835     5.5
     医   療，福 祉     718,285     2.3   337,944     1.6    317,985     2.0    19,959    -3.8    380,341     2.9
     複合サービス事業      914,495     5.1   350,551     3.4    329,916     3.8    20,635    -0.4    563,944     6.2
     その他のサービス業     581,233     2.5   310,484     1.8    285,100     1.9    25,384     1.4    270,749     3.1

    パートタイム労働者          円        ％         円       ％          円       ％         円       ％          円       ％
     調 査 産 業 計    132,794      1.8   112,822     2.1    109,377     2.0     3,445     5.7     19,972    -0.1
     鉱業，採石業等      105,589    -13.0    88,378     2.7     88,220     2.9       158   -56.5     17,211   -51.0
     建   設   業    156,316      4.2   123,154     0.8    119,855     0.4     3,299    20.1     33,162    19.0
     製   造   業    174,319      4.2   145,410     3.6    136,948     3.8     8,462     0.1     28,909     7.6
     電気 ・ ガス業     378,842     -1.0   166,326    -0.1    161,748    -1.5     4,578    95.3    212,516    -1.7
     情 報 通 信 業    169,784     -4.4   141,746    -2.9    137,224    -2.4     4,522   -16.4     28,038   -11.3
     運輸業，郵便業      157,002      4.2   139,867     4.4    128,822     3.2    11,045    19.9     17,135     3.7
     卸売業，小売業      121,194      2.2   111,023     3.3    108,798     3.5     2,225    -4.0     10,171    -8.2
     金融業，保険業      186,816     -4.1   148,442    -6.9    145,290    -6.5     3,152   -21.3     38,374     7.7
     不動産・物品賃貸業    138,314      7.8   123,318     9.6    120,217     9.4     3,101    21.7     14,996    -5.7
     学 術 研 究 等    195,552    -10.9   142,434     2.5    139,257     2.5     3,177     2.3     53,118   -34.1
     飲食サービス業等      87,339      2.7    84,763     3.3     81,792     2.9     2,971    15.6      2,576   -13.5
     生活関連サービス等    118,087      8.5   106,549     7.3    102,688     6.3     3,861    41.1     11,538    21.4
     教育，学習支援業     147,138     -1.6    97,721     1.1     96,825     1.0       896     0.2     49,417    -6.6
     医   療，福 祉    173,264      2.5   130,048     1.3    127,472     1.2     2,576     3.7     43,216     6.7
     複合サービス事業     225,470     13.4   168,930    14.5    158,890    15.9    10,040    -4.0     56,540    10.4
     その他のサービス業    136,656     -1.0   123,574    -2.4    118,359    -2.5     5,215    -1.3     13,082    15.3
事業所規模30人以上             円        ％         円      ％           円       ％         円       ％          円       ％
調
査
  就業形態計           759,081      2.4   327,349    2.3     301,411     2.4    25,938     1.3    431,732     2.5
産    一般労働者        963,224      2.5   394,671    2.4     361,546     2.5    33,125     1.2    568,553     2.5
業    パートタイム労働者    151,271      2.5   126,904    2.3     122,363     2.2     4,541     5.3     24,367     3.0
計
注：産業名については、最終頁の利用上の注意５）を参照。


                                                - 7 -
                   第２表      月間実労働時間及び出勤日数
（事業所規模５人以上、2025（令和７）年12月確報）
            総実労働時間                                                出   勤      日    数
  産     業                所定内労働時間                  所定外労働時間
                   前年比          前年比                       前年比                前年差
就業形態計         時間      ％    時間      ％               時間        ％          日       日
 調 査 産 業 計   134.6  -1.6  124.7  -1.6               9.9    -2.0       17.4    -0.2
 鉱業，採石業等     163.5   2.5  153.9   6.6               9.6   -36.1       19.9    -0.1
 建   設   業   160.2  -2.4  147.2  -2.6              13.0     0.0       19.6    -0.4
 製   造   業   156.2  -1.4  142.3  -1.7              13.9     1.5       18.7    -0.4
 電気 ・ ガス業    150.9   0.3  135.4  -0.3              15.5     6.1       18.1     0.0
 情 報 通 信 業   156.0  -0.6  139.9  -1.2              16.1     4.5       18.4    -0.2
 運輸業，郵便業     164.7  -1.3  142.5  -1.2              22.2    -2.2       19.3    -0.1
 卸売業，小売業     126.7  -1.8  119.5  -1.9               7.2    -1.4       17.2    -0.3
 金融業，保険業     146.4  -0.7  134.3  -0.3              12.1    -4.7       18.5     0.0
 不動産・物品賃貸業   144.7  -3.5  133.4  -3.4              11.3    -4.3       18.1    -0.4
 学 術 研 究 等   148.5  -2.9  136.0  -2.8              12.5    -4.6       18.0    -0.4
 飲食サービス業等     88.9   0.0   83.4  -0.2               5.5     1.9       13.5     0.0
 生活関連サービス等   120.6  -0.3  113.6  -0.7               7.0     6.1       16.3    -0.2
 教育，学習支援業    118.3  -0.8  109.3   0.0               9.0    -9.1       15.8     0.2
 医 療，福 祉     127.0  -1.0  122.2  -1.0               4.8    -2.1       17.1    -0.2
 複合サービス事業    155.5   1.8  147.0   2.6               8.5   -10.5       19.7     0.5
 その他のサービス業   136.0  -1.2  125.9  -1.1              10.1    -2.8       17.6    -0.2
    一般労働者            時間       ％     時間       ％     時間        ％          日          日
     調 査 産 業 計      160.2   -1.2   146.8   -1.3    13.4    -0.7       19.2       -0.2
     鉱業，採石業等        170.8    5.2   160.4    9.2    10.4   -32.9       20.6        0.2
     建   設   業      165.0   -2.1   151.3   -2.4    13.7     0.7       20.0       -0.3
     製   造   業      162.8   -1.4   147.6   -1.8    15.2     2.0       19.0       -0.4
     電気 ・ ガス業       152.8    0.1   136.8   -0.4    16.0     4.6       18.2       -0.1
     情 報 通 信 業      159.4   -1.1   142.6   -1.6    16.8     3.7       18.6       -0.3
     運輸業，郵便業        178.8   -0.3   153.1   -0.3    25.7    -0.4       20.0       -0.2
     卸売業，小売業        161.1   -1.8   149.5   -2.0    11.6     0.0       19.3       -0.4
     金融業，保険業        152.7    0.2   139.3    0.5    13.4    -2.9       18.9        0.1
     不動産・物品賃貸業      159.3   -3.3   145.6   -3.2    13.7    -3.5       18.9       -0.6
     学 術 研 究 等      156.7   -2.2   142.8   -2.1    13.9    -3.5       18.6       -0.3
     飲食サービス業等       173.4   -1.2   156.9   -1.4    16.5     1.3       20.0       -0.2
     生活関連サービス等      162.0   -1.0   151.3   -1.3    10.7     2.9       19.8       -0.2
     教育，学習支援業       152.0   -0.2   138.8    0.6    13.2    -8.3       18.7        0.4
     医   療，福   祉    152.3   -1.1   145.7   -1.0     6.6    -2.9       19.1       -0.1
     複合サービス事業       163.1    0.2   154.2    1.0     8.9   -11.8       20.0        0.2
     その他のサービス業      156.3   -0.6   143.2   -0.4    13.1    -3.0       18.8       -0.2
    パートタイム労働者        時間       ％     時間       ％     時間        ％          日          日
     調 査 産 業 計       79.0   -1.5    76.7   -1.4     2.3    -4.2       13.5       -0.2
     鉱業，採石業等         69.4   -1.0    69.3   -0.9     0.1   -49.6       10.7        0.5
     建   設   業       82.0   -2.6    80.5   -2.2     1.5   -21.1       13.7       -0.6
     製   造   業      111.6   -1.4   106.2   -1.1    5.4     -6.9       16.7       -0.1
     電気 ・ ガス業       102.1   -2.9   100.3   -3.5    1.8     50.0       15.2       -0.3
     情 報 通 信 業       89.8   -5.6    86.8   -5.1     3.0   -18.9       13.8       -0.5
     運輸業，郵便業        102.1    1.0    95.8    1.3    6.3     -3.1       15.7        0.3
     卸売業，小売業         84.4   -1.1    82.5   -1.3     1.9     5.6       14.7       -0.2
     金融業，保険業         94.0   -7.3    92.1   -7.0     1.9   -20.8       15.0       -0.9
     不動産・物品賃貸業       89.2    2.9    87.0    2.2     2.2    37.5       14.7        0.2
     学 術 研 究 等       85.5   -3.9    83.7   -4.0     1.8     0.0       13.6       -0.7
     飲食サービス業等        65.6    0.9    63.1    0.8     2.5     4.2       11.7        0.0
     生活関連サービス等       77.8   -0.9    74.7   -1.3     3.1    10.7       12.7       -0.4
     教育，学習支援業        52.7   -1.2    52.0   -0.9     0.7   -22.2       10.2        0.0
     医   療，福   祉     75.9   -1.7    74.7   -1.6     1.2    -7.7       13.0       -0.4
     複合サービス事業       117.3    9.1   110.9   10.1    6.4     -5.8       17.8        1.2
     その他のサービス業       87.2   -5.4    84.4   -5.1     2.8   -12.5       14.7       -0.4
事業所規模30人以上           時間       ％     時間       ％     時間        ％          日           日
調 就業形態計             140.4   -1.3   128.8   -1.3    11.6    -0.8       17.7       -0.2
査
産    一般労働者          158.6   -1.3   144.1   -1.3    14.5    -1.4       18.8       -0.2
業    パートタイム労働者       86.2   -0.9    83.2   -1.1     3.0     3.4       14.2       -0.1
計
注：産業名については、最終頁の利用上の注意５）を参照。
                                   - 8 -
                       第３表        常用雇用及び労働異動率
（事業所規模５人以上、2025（令和７）年12月確報）
           労 働 者 総 数                                     入   職    率      離   職    率
    産          業                        パートタイム労働者比率

                                前年比              前年差             前年差             前年差
就業形態計                    千人        ％         ％   ﾎﾟｲﾝﾄ     ％     ﾎﾟｲﾝﾄ     ％     ﾎﾟｲﾝﾄ
 調 査 産 業 計             51,919     1.3    31.51    0.29   1.46    -0.02   1.36    -0.06
 鉱業，採石業等                   12     2.1     7.13    4.38   0.34    -0.98   0.39    -2.19
 建   設   業              2,616     2.8     5.84    0.56   0.89    -0.14   0.86     0.13
 製   造   業              7,677     0.3    12.90   -0.01   0.80     0.03   0.86    -0.02
 電気 ・ ガス業                 265     0.1     3.65   -1.24   0.34     0.02   0.41     0.03
 情 報 通 信 業              1,881     0.7     4.83   -1.50   0.85    -0.13   0.88    -0.31
 運輸業，郵便業                2,944    -0.4    18.48    2.62   1.18    -0.10   1.22     0.05
 卸売業，小売業                9,419     0.4    44.90    0.31   1.51     0.03   1.37    -0.03
 金融業，保険業                1,325     0.0    10.62    0.46   0.69     0.02   0.97    -0.01
    不動産・物品賃貸業             930     2.1    20.92    1.89   1.11     0.01   0.97    -0.06
    学 術 研 究 等           1,766     1.3    11.52    1.26   0.85    -0.05   0.94    -0.01
    飲食サービス業等            4,677     4.9    78.42   -0.04   3.82     0.24   2.87    -0.16
    生活関連サービス等           1,502     0.9    49.15   -1.07   1.82    -0.45   2.76     0.70
    教育，学習支援業            3,294     2.4    33.96    0.57   0.97    -0.30   0.89    -0.37
    医    療，福   祉        8,483     1.8    33.19   -0.22   1.29     0.14   1.02    -0.23
    複合サービス事業              343    -2.0    16.84   -1.68   0.87    -0.29   0.69     0.24
    その他のサービス業           4,785     0.7    29.35   -0.97   2.08    -0.18   2.18     0.01
    一般労働者                千人        ％        ％    ﾎﾟｲﾝﾄ     ％     ﾎﾟｲﾝﾄ     ％     ﾎﾟｲﾝﾄ
     調 査 産 業 計         35,561     0.9      －        －    0.93     0.05   0.96    -0.03
     鉱業，採石業等               12    -2.6      －        －    0.37    -1.00   0.41    -1.15
     建   設   業          2,463     2.2      －        －    0.73    -0.08   0.76     0.05
     製   造   業          6,687     0.3      －        －    0.65     0.08   0.73    -0.05
     電気 ・ ガス業             255     1.5      －        －    0.28     0.01   0.39     0.03
     情 報 通 信 業          1,790     2.4      －        －    0.78    -0.07   0.81    -0.29
     運輸業，郵便業            2,400    -3.6      －        －    0.79    -0.22   0.99     0.09
     卸売業，小売業            5,190    -0.2      －        －    0.90     0.13   1.01     0.09
     金融業，保険業            1,184    -0.5      －        －    0.58    -0.05   0.91    -0.06
     不動産・物品賃貸業            736    -0.3      －        －    0.88    -0.06   0.89     0.03
     学 術 研 究 等          1,562    -0.1      －        －    0.75     0.00   0.71    -0.17
     飲食サービス業等           1,009     5.1      －        －    2.23     0.66   2.07     0.10
     生活関連サービス等            764     3.1      －        －    1.26    -0.02   2.24     0.94
     教育，学習支援業           2,175     1.5      －        －    0.51    -0.16   0.30    -0.17
     医   療，福       祉    5,668     2.1      －        －    1.13     0.30   0.86    -0.13
     複合サービス事業             285     0.1      －        －    0.31    -0.16   0.42     0.06
     その他のサービス業          3,381     2.2      －        －    1.63    -0.13   1.78    -0.10
    パートタイム労働者            千人        ％        ％    ﾎﾟｲﾝﾄ     ％     ﾎﾟｲﾝﾄ     ％ ﾎﾟｲﾝﾄ
     調 査 産 業 計         16,358     2.2      －        －    2.63    -0.17   2.23 -0.15
     鉱業，採石業等                1   164.8      －        －    0.00     0.00   0.00 -28.36
     建   設   業            153    13.6      －        －    3.39    -1.70   2.55   1.46
     製   造   業            990     0.2      －        －    1.81    -0.34   1.70   0.16
     電気 ・ ガス業              10   -25.3      －        －    1.94     0.64   1.08   0.36
     情 報 通 信 業             91   -23.3      －        －    2.21    -0.64   2.22 -0.32
     運輸業，郵便業              544    16.0      －        －    2.93     0.21   2.25 -0.32
     卸売業，小売業            4,229     1.0      －        －    2.25    -0.12   1.80 -0.20
     金融業，保険業              141     4.6      －        －    1.62     0.55   1.49   0.41
     不動産・物品賃貸業            195    12.1      －        －    1.95     0.15   1.26 -0.51
     学 術 研 究 等            203    13.7      －        －    1.56    -0.66   2.72   1.14
     飲食サービス業等           3,668     4.9      －        －    4.26     0.12   3.09 -0.23
     生活関連サービス等            738    -1.3      －        －    2.40    -0.86   3.30   0.48
     教育，学習支援業           1,119     4.2      －        －    1.85    -0.62   2.02 -0.81
     医   療，福       祉    2,815     1.1      －        －    1.60    -0.18   1.36 -0.41
     複合サービス事業              58   -10.9      －        －    3.65    -0.65   2.06   1.18
     その他のサービス業          1,404    -2.5      －        －    3.15    -0.25   3.15   0.30
事業所規模30人以上               千人        ％         ％   ﾎﾟｲﾝﾄ     ％     ﾎﾟｲﾝﾄ     ％     ﾎﾟｲﾝﾄ
調 就業形態計                31,444     0.8                    1.28    -0.04   1.23    -0.07
査
                                         25.16    0.03
産    一般労働者             23,534     0.8       －       －    0.91     0.05   0.91    -0.06
業    パートタイム労働者          7,911     1.0       －       －    2.39    -0.30   2.19    -0.09
計
注：産業名については、最終頁の利用上の注意５）を参照。

                                         - 9 -
                            時系列表第１表             賃金指数
（事業所規模５人以上）                                                     （2020（令和２）年平均＝１００）
        調 査     産   業   計
   年 月                         一 般 労 働 者         パートタイム労働者         事業所規模30人以上
                    前年比 実質前年比         前年比 実質前年比         前年比 実質前年比          前年比 実質前年比
                       ％    ％            ％    ％            ％    ％             ％    ％
         現 金 給 与 総 額
  2022年       102.3   2.0 -1.0  102.8   2.3 -0.7  102.7   2.6 -0.4   104.0   3.1  0.1
  2023年       103.5   1.2 -2.5  104.6   1.8 -2.0  105.2   2.4 -1.3   105.9   1.8 -2.0
  2024年       109.2   2.8 -0.3  108.5   3.2  0.0  112.6   3.9  0.7   108.9   3.3  0.1
  2025年       111.7   2.3 -1.3  111.6   2.9 -0.7  115.2   2.3 -1.3   111.7   2.6 -1.0
  2024年11月     96.9   3.9  0.5   95.1   4.2  0.7  112.8   4.4  1.0    94.4   4.4  1.0
        12月   193.9   4.4  0.3  200.8   4.7  0.6  131.3   7.3  3.0   203.1   4.9  0.6
  2025年１月      91.9   1.8 -2.8   90.3   2.0 -2.4  109.7   4.3 -0.3    89.7   2.2 -2.3
        ２月     90.7   2.7 -1.5   89.3   3.6 -0.6  108.0   2.1 -2.1    88.7   3.3 -1.0
        ３月     97.1   2.3 -1.8   95.9   2.9 -1.3  111.7   2.5 -1.7    95.1   2.1 -2.0
        ４月     94.8   2.0 -2.0   93.0   2.5 -1.6  112.6   2.7 -1.4    92.7   2.4 -1.6
        ５月     94.7   1.4 -2.6   92.7   1.6 -2.3  112.8   3.1 -0.9    92.6   1.2 -2.8
        ６月    161.5   3.1 -0.8  165.5   3.8  0.0  125.5   2.5 -1.3   171.3   3.8 -0.1
        ７月    130.9   3.4 -0.2  132.3   4.0  0.5  118.7   2.4 -1.1   130.5   3.6  0.1
        ８月     94.2   1.3 -1.7   92.4   1.8 -1.2  112.0   1.4 -1.6    91.1   1.7 -1.4
        ９月     93.5   2.1 -1.3   91.7   2.6 -0.7  110.5   2.0 -1.3    91.8   2.6 -0.7
        10月    94.2   2.5 -0.8   92.1   2.7 -0.7  113.7   2.8 -0.6    92.5   2.9 -0.5
        11月    98.5   1.7 -1.6   97.1   2.1 -1.2  114.1   1.2 -2.1    96.3   2.0 -1.2
        12月   198.6   2.4 -0.1  206.4   2.8  0.3  133.6   1.8 -0.7   207.9   2.4 -0.1
          きまって支給する給与
  2022年       101.9   1.4 -1.6  102.3   1.6 -1.4  102.6   2.5 -0.5   103.6   2.4 -0.6
  2023年       103.0   1.1 -2.6  103.9   1.6 -2.1  105.3   2.6 -1.1   105.3   1.6 -2.1
  2024年       107.5   2.0 -1.2  106.6   2.4 -0.8  111.8   3.2  0.0   107.6   2.6 -0.6
  2025年       109.6   2.0 -1.6  109.1   2.3 -1.2  114.4   2.3 -1.2   110.0   2.2 -1.3
  2024年11月    108.7   2.5 -0.9  107.9   2.7 -0.7  114.3   4.0  0.5   109.1   3.1 -0.3
        12月   108.8   2.4 -1.6  108.0   2.7 -1.4  114.6   3.7 -0.4   109.2   3.1 -1.0
  2025年１月     107.0   2.2 -2.4  106.7   2.5 -2.0  111.3   3.8 -0.8   107.2   2.6 -2.0
        ２月    106.8   1.4 -2.7  106.9   2.2 -2.0  110.4   1.9 -2.2   107.0   1.8 -2.4
        ３月    107.9   1.4 -2.8  107.7   1.9 -2.3  112.2   1.9 -2.3   108.0   1.4 -2.7
        ４月    110.3   2.1 -1.9  109.8   2.6 -1.5  115.1   2.8 -1.4   110.5   2.3 -1.7
        ５月    109.5   2.0 -2.0  108.5   2.1 -1.9  115.3   3.3 -0.7   109.7   2.0 -1.9
        ６月    110.4   2.0 -1.7  109.6   2.4 -1.3  116.3   2.8 -1.0   110.7   2.3 -1.4
        ７月    110.5   2.1 -1.4  109.8   2.5 -1.0  116.0   2.5 -1.0   110.9   2.4 -1.1
        ８月    109.4   1.8 -1.2  108.8   2.2 -0.8  114.1   1.6 -1.5   110.0   2.0 -1.0
        ９月    110.0   2.0 -1.2  109.5   2.4 -0.8  113.3   2.1 -1.2   110.5   2.3 -1.0
        10月   111.3   2.5 -0.9  110.5   2.5 -0.8  116.5   2.7 -0.7   112.0   2.8 -0.5
        11月   110.8   1.9 -1.3  110.4   2.3 -0.9  115.8   1.3 -1.9   111.5   2.2 -1.1
        12月   111.0   2.0 -0.4  110.6   2.4 -0.1  117.0   2.1 -0.4   111.7   2.3 -0.2
           所 定 内 給 与
  2022年       101.4   1.1   －   101.7   1.3   －   102.6   2.3   －    102.8   2.0   －
  2023年       102.6   1.2   －   103.3   1.6   －   105.2   2.5   －    104.7   1.8   －
  2024年       107.1   2.1   －   106.1   2.4   －   111.7   3.1   －    107.2   2.7   －
  2025年       109.2   2.0   －   108.7   2.5   －   114.2   2.2   －    109.7   2.3   －
  2024年11月    108.0   2.5   －   107.1   2.7   －   114.3   4.1   －    108.4   3.1   －
        12月   108.2   2.6   －   107.4   2.8   －   114.4   3.6   －    108.6   3.1   －
  2025年１月     106.7   2.1   －   106.5   2.6   －   110.9   3.5   －    107.0   2.6   －
        ２月    106.4   1.3   －   106.5   2.1   －   110.3   1.8   －    106.6   1.6   －
        ３月    107.4   1.4   －   107.2   2.0   －   112.0   1.8   －    107.7   1.6   －
        ４月    109.8   2.1   －   109.2   2.6   －   114.8   2.7   －    110.1   2.4   －
        ５月    109.3   2.0   －   108.3   2.2   －   115.1   3.1   －    109.6   2.1   －
        ６月    110.2   2.0   －   109.5   2.6   －   116.2   2.7   －    110.6   2.3   －
        ７月    110.1   2.0   －   109.4   2.5   －   115.9   2.4   －    110.5   2.2   －
        ８月    109.2   1.9   －   108.6   2.4   －   113.9   1.5   －    109.9   2.2   －
        ９月    109.9   2.0   －   109.4   2.5   －   113.2   2.1   －    110.5   2.4   －
        10月   110.7   2.4   －   109.9   2.6   －   116.3   2.6   －    111.4   2.9   －
        11月   110.1   1.9   －   109.7   2.4   －   115.6   1.1   －    110.8   2.2   －
        12月   110.5   2.1   －   110.0   2.4   －   116.7   2.0   －    111.2   2.4   －
注：実質前年比は、名目賃金指数を消費者物価指数（持家の帰属家賃を除く総合）で除して算出した実質賃金指数の前年(同月)比を指す。




                                       - 10 -
                            時系列表第２表                 労働時間指数
（事業所規模５人以上）                                                  （2020（令和２）年平均＝１００）
        調 査     産   業   計                                        製造業 卸売業， 医療，福
  年 月                       一 般 労 働 者      パートタイム労働者 事業所規模30人以上       小売業   祉
                  前年比             前年比           前年比        前年比   前年比  前年比  前年比
                     ％              ％              ％         ％      ％    ％    ％
   総 実 労 働 時 間
 2022年      100.8   0.1     101.2    0.2    100.3    1.0   102.0    0.6    0.4   -0.2   -0.7
 2023年      100.9   0.1     101.9    0.7     99.9   -0.4   102.4    0.4    0.3   -0.8    0.4
 2024年      101.4  -1.0     101.1   -0.7    101.1   -1.0   101.8   -0.8   -0.7   -1.0   -0.5
 2025年      100.0  -1.4     100.1   -1.0     99.7   -1.4   100.5   -1.3   -0.6   -1.3   -1.0
 2024年11月   103.8  -0.3     104.1    0.0    101.4   -0.5   104.3   -0.1    0.7   -0.5   -0.3
       12月  101.2  -1.1     101.1   -0.9    101.1   -1.0   101.3   -1.0   -1.0   -1.2   -0.8
 2025年１月     95.1  -0.2      94.8    0.2     97.0   -0.5    96.2    0.1    1.6   -0.5   -0.8
       ２月    96.8  -2.8      97.1   -2.3     96.8   -2.6    96.6   -2.9   -0.9   -2.1   -2.8
       ３月    98.2  -2.7      98.3   -2.3     99.0   -2.0    98.4   -2.7   -2.5   -2.8   -1.8
       ４月   103.3  -1.3     103.6   -1.1    102.0   -1.4   103.6   -1.4   -0.9   -1.2   -0.5
       ５月    99.6  -1.7      99.0   -1.6    101.1   -1.0   100.1   -2.2   -0.8   -0.6   -1.4
       ６月   103.3  -0.4     103.7    0.3    101.9   -1.1   103.4   -0.3    0.2   -1.1    0.3
       ７月   105.0   0.3     105.6    0.7    102.0   -0.8   106.0    0.6    1.3    0.1    0.9
       ８月    95.6  -2.3      95.0   -2.2     98.2   -2.2    96.3   -2.2   -1.9   -2.2   -1.8
       ９月    99.6  -0.1      99.6    0.3     99.0   -1.0    99.6    0.2   -0.4   -0.4    0.5
       10月  103.8   0.2     104.4    0.5    100.9   -0.6   105.2    0.7    1.2    0.2    0.1
       11月   99.8  -3.9     100.2   -3.7     98.7   -2.7   100.3   -3.8   -3.1   -2.6   -3.6
       12月   99.6  -1.6      99.9   -1.2     99.6   -1.5   100.0   -1.3   -1.4   -1.8   -1.0
    所 定 内 労 働 時 間
 2022年      100.1  -0.3     100.3   -0.3    100.3    0.8   101.1    0.2    0.0   -0.5   -1.2
 2023年      100.3   0.2     101.1    0.8     99.8   -0.5   101.6    0.5    0.8   -0.7    0.5
 2024年      100.8  -0.9     100.5   -0.5    101.0   -1.0   101.2   -0.6   -0.3   -0.9   -0.6
 2025年       99.5  -1.3      99.5   -1.0     99.5   -1.5   100.0   -1.2   -0.9   -1.3   -0.9
 2024年11月   103.1  -0.2     103.4    0.2    101.3   -0.5   103.6    0.0    0.8   -0.4   -0.3
       12月  100.6  -0.9     100.5   -0.6    100.8   -1.0   100.7   -0.8   -0.9   -0.9   -0.7
 2025年１月     94.5  -0.1      94.2    0.4     96.5   -0.8    95.6    0.2    1.4   -0.5   -1.2
       ２月    96.1  -2.8      96.3   -2.3     96.6   -2.8    95.8   -3.0   -1.3   -2.1   -2.8
       ３月    97.3  -2.6      97.2   -2.3     98.7   -2.1    97.5   -2.6   -2.9   -2.8   -1.8
       ４月   102.7  -1.3     102.9   -1.0    101.8   -1.4   102.9   -1.4   -1.2   -1.2   -0.4
       ５月    99.1  -1.8      98.5   -1.7    100.9   -1.0    99.7   -2.2   -1.2   -0.7   -1.4
       ６月   103.2  -0.1     103.5    0.5    101.8   -1.2   103.3   -0.1    0.1   -1.2    0.4
       ７月   104.8   0.4     105.5    1.0    101.9   -0.7   105.9    0.8    1.5    0.2    1.2
       ８月    95.4  -2.3      94.8   -2.1     98.1   -1.9    96.1   -2.3   -1.9   -2.1   -1.8
       ９月    99.1   0.0      99.1    0.5     99.0   -0.7    99.2    0.4   -0.3   -0.5    0.5
       10月  103.3   0.4     103.9    0.8    100.8   -0.6   104.6    0.8    1.4    0.1    0.3
       11月   99.1  -3.9      99.4   -3.9     98.6   -2.7    99.5   -4.0   -3.4   -2.7   -3.6
       12月   99.0  -1.6      99.2   -1.3     99.4   -1.4    99.4   -1.3   -1.7   -1.9   -1.0
    所 定 外 労 働 時 間
 2022年      110.0   4.6     111.3    4.8    102.8    9.7   113.0    5.2    6.2    4.2   10.3
 2023年      109.0  -0.9     110.9   -0.4    104.4    1.6   111.6   -1.2   -5.5   -2.8    0.4
 2024年      109.3  -2.7     109.0   -2.4    107.9    2.6   108.4   -2.6   -3.6   -1.3   -0.8
 2025年      106.6  -2.5     106.8   -2.0    106.8   -1.0   106.5   -1.8    1.1   -1.0   -1.2
 2024年11月   113.0  -1.9     112.9   -2.1    104.8    0.0   112.0   -1.7   -1.4   -2.7   -4.0
       12月  109.8  -2.8     108.9   -3.5    114.3    0.0   108.3   -3.3   -2.1   -3.9   -2.0
 2025年１月    103.3  -1.0     102.4   -1.5    114.3    9.1   102.8   -0.9    3.2    0.0    6.1
       ２月   106.5  -3.0     107.3   -2.2    104.8    4.8   105.6   -2.5    3.0   -1.5    0.0
       ３月   110.9  -2.8     110.5   -3.5    109.5    0.0   109.3   -3.3    0.7   -2.8    0.0
       ４月   110.9  -2.8     111.3   -2.1    109.5    0.0   111.1   -1.7    3.1   -2.7   -1.9
       ５月   105.4  -1.0     104.8   -0.8    109.5    0.0   104.6   -1.8    2.4    1.4   -2.0
       ６月   105.4  -3.0     105.6   -2.3    104.8    0.0   104.6   -2.6    1.6   -1.4   -2.0
       ７月   106.5  -3.0     107.3   -2.2    104.8   -4.3   107.4   -1.7   -0.8   -1.4   -6.0
       ８月    97.8  -3.3      97.6   -2.4    104.8   -8.3    98.1   -1.9   -1.6   -3.0    0.0
       ９月   105.4  -2.0     105.6   -1.6    100.0   -8.7   105.6   -0.8   -1.4    0.0   -2.1
       10月  110.9  -1.9     111.3   -2.1    104.8    0.0   112.0   -0.9    0.8    1.4   -4.0
       11月  108.7  -3.8     109.7   -2.8    104.8    0.0   109.3   -2.4    0.0    0.0    0.0
       12月  107.6  -2.0     108.1   -0.7    109.5   -4.2   107.4   -0.8    1.5   -1.4   -2.1




                                           - 11 -
                                   時系列表第３表                  常用雇用指数
（事業所規模５人以上）                                                             （2020（令和２）年平均＝１００）
         調 査           産    業   計                                            製造業 卸売業， 医療，福
   年 月                              一 般 労 働 者      パートタイム労働者 事業所規模30人以上            小売業    祉
                           前年比             前年比            前年比         前年比    前年比   前年比   前年比
                              ％               ％              ％           ％      ％     ％     ％
  2022年            101.3     0.8     100.6   0.3    102.8   1.8  99.7  -0.6   -0.9  -0.8   2.6
  2023年            103.1     1.9     101.5   0.9    106.8   3.9 100.4   0.8    0.2   0.3   1.9
  2024年            104.3     1.2     104.7   3.2    103.4  -3.2 101.6   1.2   -0.1   1.6   0.7
  2025年            105.9     1.5     105.6   0.9    106.4   2.9 102.5   0.9    0.1   1.0   1.6
  2024年11月         105.1     0.9     105.2   3.2    105.1  -3.9 102.0   1.1   -0.1   1.9   0.6
        12月        105.2     0.9     105.1   3.1    105.5  -4.1 102.1   1.1   -0.1   1.7   0.3
  2025年１月          105.0     1.7     104.5   0.9    106.0   3.5 101.8   1.1    0.0   1.5   1.8
        ２月         104.8     1.6     104.0   0.5    106.5   4.0 101.6   1.0   -0.1   1.5   1.8
        ３月         104.4     1.7     103.8   0.8    105.6   3.5 100.9   0.9   -0.1   1.6   1.8
        ４月         105.7     1.7     105.8   0.9    105.3   3.5 102.7   1.1   -0.1   1.7   1.6
        ５月         106.1     1.7     106.2   1.1    105.8   2.8 103.0   1.1    0.1   1.5   1.7
        ６月         106.2     1.5     106.1   0.8    106.6   3.3 103.1   1.0    0.1   1.2   1.4
        ７月         106.4     1.4     106.2   0.8    106.7   3.0 103.1   1.0   -0.1   0.9   1.5
        ８月         106.2     1.3     106.1   0.8    106.5   2.6 102.8   0.9    0.1   0.8   1.2
        ９月         106.1     1.3     106.1   0.7    106.2   2.8 102.7   0.9    0.2   0.8   1.6
        10月        106.3     1.3     106.2   1.0    106.5   1.9 102.7   0.7    0.2   0.6   1.5
        11月        106.5     1.3     105.9   0.7    107.7   2.5 102.9   0.9    0.2   0.3   1.5
        12月        106.6     1.3     106.0   0.9    107.8   2.2 102.9   0.8    0.3   0.4   1.8




       時系列表第４表                                          時系列表第５表                 労働異動率
     パートタイム労働者比率
   （事業所規模５人以上）                                      （事業所規模５人以上）
            パートタイム労働者                                              入   職    率       離   職    率
        年     月      比率                                 年   月
                                    前年差                                    前年差              前年差
                               ％     ﾎﾟｲﾝﾄ                            ％     ﾎﾟｲﾝﾄ      ％     ﾎﾟｲﾝﾄ
       2022年               31.60      0.32             2022年       2.05      0.09   1.98      0.05
       2023年               32.24      0.64             2023年       2.14      0.09   2.01      0.03
       2024年               30.86      0.51             2024年       2.04     -0.10   1.94     -0.07
       2025年               31.31      0.45             2025年       1.99     -0.05   1.89     -0.05
       2024年11月            31.12      0.40             2024年11月    1.61     -0.18   1.46     -0.07
             12月           31.22      0.36                   12月   1.48     -0.10   1.42     -0.04
       2025年１月             31.43      0.55             2025年１月     1.30     -0.08   1.60     -0.14
             ２月            31.65      0.73                   ２月    1.51     -0.09   1.68      0.00
             ３月            31.51      0.58                   ３月    1.81     -0.05   2.20     -0.12
             ４月            31.04      0.56                   ４月    5.27     -0.06   4.04     -0.13
             ５月            31.05      0.35                   ５月    2.24     -0.07   1.87     -0.10
             ６月            31.23      0.53                   ６月    1.83     -0.03   1.67      0.03
             ７月            31.24      0.47                   ７月    1.79     -0.02   1.66     -0.01
             ８月            31.21      0.39                   ８月    1.53     -0.08   1.68     -0.04
             ９月            31.14      0.42                   ９月    1.63      0.02   1.72     -0.01
             10月           31.20      0.20                   10月   1.90     -0.08   1.77     -0.04
             11月           31.49      0.37                   11月   1.59     -0.02   1.41     -0.05
             12月           31.51      0.29                   12月   1.46     -0.02   1.36     -0.06




                                                   - 12 -
         時系列表第６表                                                                             時系列表第７表
     各国公表による主要国の実質賃金                                                                   時間当たり給与（パートタイム労働者）
                                                                      （前年比）              （事業所規模５人以上）
                                                                                                     時間当たり給与
        年    月               日本            アメリカ              イギリス       ドイツ                  年   月
                                        時給         週給                                                      前年比
                                 ％           ％          ％           ％       ％                           円      ％
   2022年                      -0.5        -2.4       -2.9        -1.6    -4.0              2022年     1,242   1.6
   2023年                      -2.0         0.5        0.0         0.2     0.1              2023年     1,279   3.0
   2024年                       0.0         1.0        0.6         2.0     3.1              2024年     1,343   4.3
   2025年                      -0.8         1.2        1.2          －       －               2025年     1,394   3.8
   2024年11月                    0.9         1.4        1.1         1.8     3.1              2024年11月  1,369   4.5
         12月                   0.7         1.2        0.9         2.7     1.8                    12月 1,378   4.7
   2025年１月                    -2.2         1.0        0.7         1.3     1.1              2025年１月   1,395   4.3
         ２月                   -0.8         1.3        0.7         2.0     1.4                    ２月  1,385   4.6
         ３月                   -1.2         1.8        1.2         2.3     1.0                    ３月  1,378   4.0
         ４月                   -1.5         1.6        1.8         0.3     1.5                    ４月  1,369   4.1
         ５月                   -2.0         1.6        1.3         0.4     1.7                    ５月  1,384   4.1
         ６月                   -0.1         1.2        0.8         0.7     3.0                    ６月  1,385   3.7
         ７月                    0.3         1.2        1.2         0.8     2.3                    ７月  1,381   3.1
         ８月                   -1.4         1.1        0.7         1.2     0.0                    ８月  1,411   3.6
         ９月                   -0.7         0.8        0.5         0.3     2.9                    ９月  1,388   2.8
         10月                  -0.5          －          －          0.9     2.3                    10月 1,401   3.2
         11月                  -1.2         1.2        1.2         1.2     1.3                    11月 1,424   4.0
         12月                   0.3         1.0        0.7          －      1.9                    12月 1,426   3.5
厚生労働省調べ（2026年02月16日15:00(JST)時点）
                                                                                         注：時間当たり給与は、所定内給与を
各国の値はすべて前年比、または前年同月比であり、適宜遡及改訂されることがある。
                                                                                           所定内労働時間で除して算出している。
日本は、名目賃金指数(現金給与総額)を消費者物価指数(総合)で除して算出している。
アメリカ、イギリス、ドイツについては各国のプレス等におけるヘッドラインを引用している。
なお、実質化に用いた日本を含む各国の消費者物価指数は帰属家賃を含んでいる。
〇アメリカ
 (民間非農業部門全体、CPI-U(1982-1984年基準の固定ドル)により実質化、季節調整済)
 ・時給
  出典：Current Employment Statistics (CES)、アメリカ労働統計局(U.S. Bureau of Labor
        Statistics)
  系列：Average Hourly Earnings of All Employees, 1982-1984 dollars, Total Private,
        Seasonally Adjusted (Series ID: CES0500000013)
 ・週給
  出典：同上
  系列：Average Weekly Earnings of All Employees, 1982-1984 dollars, Total Private,
        Seasonally Adjusted (Series ID: CES0500000012)
〇イギリス
 (平均週給、全産業、CPIHにより実質化、季節調整済)
  出典：Monthly Wages and Salaries Survey (MWSS)、英国国家統計局(Office for National
        Statistics)
  系列：Average Weekly Earnings: Whole Economy Real Terms Year on Year Single Month
        Growth (%): Seasonally Adjusted Total Pay (Series ID: A3WV)
〇ドイツ
 (平均月給、全産業、Verbraucherpreisindex (CPI)により実質化、季節調整していない)
  出典：Verdiensterhebung (Earnings Survey)、ドイツ連邦統計局(Statistisches Bundesamt
        (Federal Statistical Office))
  系列：Real wage index, Germany, Overall Economy (Series ID: 62361-0001/0020)



                                                   時系列表第８表                         季節調整済指数
   （事業所規模５人以上）                                                                                   （2020（令和２）年平均＝１００）
            現 金 給 与 総 額                                               総 実 労 働 時 間                          常 用 雇 用
                             きまって支給                    所定外労働時間
         年    月
                             する給与                                   製    造  業
                       前月比           前月比         前月比          前月比          前月比         前月比
                           ％             ％           ％            ％            ％           ％
     2024年１月     104.3   0.6   103.5  -0.2  99.3  -1.5  105.8  -1.3  108.4  -2.4 103.5  -0.5
           ２月    104.5   0.2   104.0   0.5 100.3   1.0  107.8   1.9  109.0   0.6 103.8   0.3
           ３月    104.7   0.2   104.1   0.1 100.1  -0.2  107.1  -0.6  110.1   1.0 103.9   0.1
           ４月    104.8   0.1   104.4   0.3  99.9  -0.2  106.1  -0.9  108.9  -1.1 104.0   0.1
           ５月    105.8   1.0   105.2   0.8 100.4   0.5  107.0   0.8  111.1   2.0 104.2   0.2
           ６月    108.6   2.6   105.3   0.1  99.8  -0.6  106.6  -0.4  110.7  -0.4 104.3   0.1
           ７月    106.5  -1.9   105.3   0.0  99.8   0.0  106.2  -0.4  112.2   1.4 104.4   0.1
           ８月    106.3  -0.2   105.5   0.2  99.7  -0.1  105.2  -0.9  111.1  -1.0 104.5   0.1
           ９月    106.3   0.0   105.6   0.1  99.5  -0.2  105.4   0.2  111.4   0.3 104.5   0.0
           10月   106.7   0.4   105.7   0.1  99.9   0.4  105.4   0.0  111.3  -0.1 104.6   0.1
           11月   107.4   0.7   105.9   0.2  99.2  -0.7  105.6   0.2  110.2  -1.0 104.8   0.2
           12月   108.0   0.6   106.2   0.3  99.4   0.2  104.5  -1.0  109.0  -1.1 104.9   0.1
     2025年１月     106.3  -1.6   105.9  -0.3  98.6  -0.8  104.7   0.2  112.1   2.8 105.3   0.4
           ２月    107.4   1.0   105.5  -0.4  99.4   0.8  104.6  -0.1  112.5   0.4 105.5   0.2
           ３月    106.9  -0.5   105.6   0.1  97.5  -1.9  104.0  -0.6  110.5  -1.8 105.7   0.2
           ４月    107.4   0.5   106.6   0.9  98.9   1.4  103.5  -0.5  112.8   2.1 105.8   0.1
           ５月    107.0  -0.4   107.2   0.6  99.2   0.3  105.7   2.1  113.3   0.4 106.0   0.2
           ６月    111.7   4.4   107.4   0.2  98.6  -0.6  103.3  -2.3  112.5  -0.7 105.8  -0.2
           ７月    110.2  -1.3   107.5   0.1 100.3   1.7  103.1  -0.2  111.5  -0.9 105.9   0.1
           ８月    107.8  -2.2   107.6   0.1  98.4  -1.9  102.3  -0.8  109.8  -1.5 105.9   0.0
           ９月    108.6   0.7   107.6   0.0  98.8   0.4  103.1   0.8  109.7  -0.1 105.9   0.0
           10月   109.2   0.6   108.5   0.8  99.3   0.5  103.1   0.0  111.7   1.8 106.0   0.1
           11月   109.3   0.1   108.1  -0.4  97.9  -1.4  101.9  -1.2  110.4  -1.2 106.2   0.2
           12月   110.6   1.2   108.2   0.1  97.0  -0.9  102.1   0.2  110.4   0.0 106.3   0.1
   注１：季節調整の方法は、センサス局法(Ⅹ-13ＡＲＩＭＡ-ＳＥＡＴＳの中のＸ-12ＡＲＩＭＡ)による。
   注２：季節調整値及びその前月比は、2025（令和７）年１月分速報公表時において過去に遡って改訂した。
       この季節調整値の2024（令和６）年12月分以前については、1997（平成９）年１月から2024（令和６）年12月分までの28年分のデータを用いて再計算し、
       2025（令和７）年１月分以降については、当該データから得られる予測季節要素を用いて計算している。




                                                                              - 13 -
【参考資料】
      毎月勤労統計における共通事業所による前年同月比の参考提供
     「公的統計の整備に関する基本的な計画」（2018（平成30）年３月６日閣議決定）に基づき、
     共通事業所による前年同月比について、以下のとおり参考提供します。

     （注１）共通事業所とは、 「前年同月分」及び「当月分」ともに集計対象となった調査対象事業所のことである。2018（平成30）年
        から部分入替え方式の導入に伴い（詳細は最終頁の利用上の注意８）を参照）、常に一部の調査事業所が前年も調査対象
        となっていることから共通事業所に限定した集計が可能となった。
     （注２）共通事業所集計では、同一事業所の平均賃金などの変化をみるためのものであり、労働者数の変化の影響を除くため、
        前年同月も当月の労働者数をもとに月々の平均賃金などを計算している。
     （注３）共通事業所のみを用いて集計を行っているため、本系列に比べ、サンプルサイズが小さくなることに留意が必要である。



（賃金）
           調査産業                    調査産業                     調査産業                    調査産業計
 年   月
            計       一般      パート     計       一般      パート      計       一般     パート    （就業形態計）
              ％       ％       ％       ％       ％       ％        ％       ％      ％        ％        ％

                   現金給与総額            きまって支給する給与                     所定内給与          所定外     特別
                                                                                   給与      給与
2024年１月      2.2      2.5    2.4      1.7     2.0     2.1     1.9     2.1    2.3    -0.1    14.0
     ２月      1.9      1.8    3.4      1.9     1.9     3.3     2.1     2.0    3.5     0.2    -2.3
     ３月      1.9      1.9    1.9      2.0     2.0     2.3     2.0     2.1    2.3     1.5     0.5
     ４月      1.8      1.7    2.6      2.1     2.0     3.0     2.2     2.1    3.0     0.6    -5.1
     ５月      2.6      2.6    3.7      2.8     2.8     3.8     2.8     2.7    3.9     3.1    -0.3
     ６月      5.1      5.2    5.9      2.5     2.7     2.7     2.5     2.7    2.6     2.9     8.6
     ７月      4.7      5.0    3.5      2.7     2.8     3.0     2.9     3.0    3.1     0.1     9.9
     ８月      3.5      3.6    4.0      2.9     2.9     4.0     2.8     2.8    4.0     3.6    16.3
     ９月      2.9      3.0    2.0      2.5     2.6     1.9     2.7     2.8    1.9     0.2    13.6
     10月     2.8      2.7    2.9      2.9     2.8     3.0     3.0     2.9    3.2     2.1    -0.6
     11月     3.7      3.6    4.1      2.8     2.6     3.8     2.9     2.7    3.8     2.0    16.0
     12月     5.3      5.2    6.1      2.8     2.7     3.1     2.9     2.8    3.0     2.1     7.5
2025年１月      2.0      2.1    3.9      2.6     2.8     3.1     2.7     2.9    3.2     1.3    -9.2
     ２月      2.5      2.7    2.2      2.0     2.1     2.1     1.9     2.0    2.2     2.8    36.1
     ３月      2.7      2.9    2.4      1.9     2.1     1.5     2.0     2.1    1.6     1.0    12.3
     ４月      2.6      2.7    3.1      2.6     2.6     3.2     2.5     2.5    3.2     4.0     2.4
     ５月      2.1      2.0    2.9      2.5     2.4     3.2     2.4     2.4    3.2     3.5    -5.8
     ６月      3.4      3.4    3.7      2.4     2.3     3.5     2.4     2.3    3.5     3.0     4.6
     ７月      3.1      3.3    2.8      2.4     2.4     3.3     2.3     2.4    3.4     2.5     4.7
     ８月      1.9      1.9    2.7      2.3     2.4     2.8     2.4     2.4    2.9     1.6    -6.4
     ９月      2.5      2.6    3.2      2.2     2.3     3.1     2.2     2.3    3.3     2.1    10.3
     10月     2.4      2.4    3.4      2.3     2.2     3.3     2.2     2.1    3.4     3.1     6.9
     11月     1.1      1.2    2.3      2.1     2.2     2.3     2.0     2.2    2.4     2.3   -10.2
     12月     3.2      3.3    3.3      2.3     2.3     2.7     2.3     2.2    2.8     3.1     4.0
 年   月       製造業（就業形態計）            卸売業，小売業（就業形態計）            医療，福祉（就業形態計）

                 きまって                     きまって                     きまって
           現金給与             所定内    現金給与             所定内     現金給与            所定内
                 支給する                     支給する                     支給する
            総額              給与      総額              給与       総額             給与
                  給与                       給与                       給与
2024年１月      1.0   1.8       2.4      4.3    2.5      2.3      0.7   0.1     0.4
     ２月      1.6   1.5       2.2      2.5    2.5      2.6      0.8   0.6     0.3
     ３月      1.4   1.4       2.0      4.3    3.5      3.3      0.9   1.4     1.2
     ４月      1.7   2.2       2.8      3.7    3.2      3.3      1.1   1.4     1.4
     ５月      0.0   3.0       3.2      4.5    3.0      3.0      1.7   1.5     1.3
     ６月      5.5   2.7       2.9      4.2    3.5      3.3      4.0   1.9     1.7
     ７月      5.9   2.8       3.1      7.3    3.0      3.2      2.3   2.3     2.3
     ８月      3.2   3.2       3.2      5.7    3.4      3.2      2.9   2.3     2.3
     ９月      3.0   2.9       3.1      4.1    2.5      2.3      2.0   2.3     2.2
     10月     3.5   3.4       3.3      2.1    2.7      2.8      2.6   2.6     2.6
     11月     3.2   2.9       2.9      4.0    2.9      2.8      3.2   3.2     3.2
     12月     5.3   3.1       3.2      5.5    2.8      2.8      5.5   3.0     2.8
2025年１月      3.1   3.7       3.5     -2.2    0.5      0.7      3.4   4.0     4.1
     ２月      3.8   3.7       3.3     -0.4   -0.4     -0.4      3.1   2.5     2.5
     ３月      3.7   3.3       3.2      0.3   -0.5     -0.2      4.3   1.9     2.0
     ４月      3.2   3.4       3.2      1.0    0.8      1.1      3.0   3.0     2.9
     ５月      2.9   3.6       3.3      1.3    1.0      1.2      1.5   2.5     2.6
     ６月      3.6   3.7       3.6      1.2    0.9      1.2      2.3   1.6     1.7
     ７月      4.6   3.7       3.5      0.4    0.7      0.9      2.2   0.9     1.1
     ８月      2.8   3.6       3.7      0.2    0.8      0.9     -0.3   0.6     0.9
     ９月      3.7   3.7       3.6      0.7    0.2      0.3      0.8   0.6     0.9
     10月     4.2   3.7       3.6      0.9    0.8      1.1      1.2   0.9     0.9
     11月     3.6   3.5       3.5      0.6    0.6      0.9     -2.0   0.6     0.7
     12月     3.5   3.7       3.6      1.6    0.7      0.8      2.6   0.9     1.0




                                            - 14 -
（労働時間）
           調査産業                     調査産業                     調査産業
 年   月
            計        一般     パート      計        一般     パート      計      一般     パート
              ％        ％      ％        ％        ％      ％        ％      ％      ％

                   総実労働時間               所定内労働時間                  所定外労働時間

2024年１月     -0.5     -0.3    -0.8    -0.3     -0.1    -0.7    -3.0   -3.0    -4.5
     ２月     -0.1     -0.2     0.5     0.0      0.0     0.5    -1.9   -2.2     0.0
     ３月     -2.3     -2.5    -1.4    -2.3     -2.4    -1.4    -1.9   -2.7     0.0
     ４月     -0.4     -0.5     0.2    -0.2     -0.3     0.3    -2.8   -2.7     0.0
     ５月      1.4      1.7     0.1     1.6      2.0     0.1    -1.0   -1.5     0.0
     ６月     -2.6     -2.8    -1.1    -2.5     -2.8    -1.2    -2.9   -2.9     5.0
     ７月      0.8      1.0     0.5     1.0      1.2     0.3    -2.0   -2.2     9.5
     ８月     -0.7     -0.8     0.1    -0.6     -0.6    -0.1    -2.1   -3.1     9.5
     ９月     -2.6     -2.8    -2.1    -2.6     -2.7    -2.3    -3.0   -3.7     4.8
     10月     0.1      0.1    -0.6     0.2      0.2    -0.6    -0.9   -1.4     0.0
     11月     0.1      0.2    -0.2     0.3      0.4    -0.3    -1.9   -2.1     0.0
     12月    -0.9     -0.9    -1.1    -0.7     -0.7    -1.1    -2.9   -3.6     0.0
2025年１月     -0.2      0.3    -1.4    -0.2      0.4    -1.4    -1.0   -0.8     0.0
     ２月     -2.4     -2.2    -2.8    -2.4     -2.3    -2.8    -2.0   -1.5     0.0
     ３月     -2.6     -2.5    -2.7    -2.5     -2.4    -2.7    -2.9   -2.8    -4.2
     ４月     -1.1     -1.0    -1.3    -1.0     -0.8    -1.4    -1.9   -2.1     0.0
     ５月     -1.6     -1.7    -1.5    -1.7     -1.8    -1.4    -1.0   -1.5    -4.2
     ６月      0.2      0.5    -0.8     0.3      0.6    -0.9    -1.0   -0.7     0.0
     ７月      0.2      0.5    -0.6     0.5      0.7    -0.4    -2.9   -2.2    -8.0
     ８月     -2.1     -2.2    -1.4    -2.1     -2.2    -1.0    -2.1   -1.6   -11.5
     ９月      0.0      0.4    -0.9     0.2      0.5    -0.5    -2.0   -0.8   -12.5
     10月     0.1      0.5    -0.6     0.2      0.5    -0.5    -1.0    0.0    -4.3
     11月    -3.6     -3.8    -2.6    -3.8     -3.9    -2.5    -1.9   -2.1    -4.3
     12月    -1.2     -1.0    -1.5    -1.3     -1.1    -1.4    -1.0    0.0    -4.0

 年   月      製造業（就業形態計）              卸売業，小売業（就業形態計）           医療，福祉（就業形態計）

            総実   所定内  所定外  総実   所定内  所定外  総実   所定内  所定外
           労働時間 労働時間 労働時間 労働時間 労働時間 労働時間 労働時間 労働時間 労働時間
2024年１月     -0.4      0.2    -6.1    -1.0     -1.0    -1.4     0.0    0.4    -8.9
     ２月     -0.5      0.3    -8.3    -0.6     -0.6    -1.5     0.4    0.3     2.0
     ３月     -1.8     -1.2    -6.9    -0.2     -0.4     2.9    -1.7   -1.8     1.9
     ４月     -1.6     -1.1    -7.0     0.2      0.2     1.3     1.1    0.9     6.0
     ５月      1.8      2.4    -4.7     1.3      1.4     0.0     0.5    0.5     2.0
     ６月     -1.8     -1.6    -3.7    -1.3     -1.3     0.0    -2.9   -3.0     0.0
     ７月     -0.3     -0.1    -2.9    -0.5     -0.4    -1.4     1.7    1.5     6.0
     ８月     -0.5     -0.4    -2.4     0.5      0.4     1.5    -0.2   -0.2     0.0
     ９月     -2.4     -2.2    -4.3    -2.5     -2.8     1.4    -2.2   -2.3     0.0
     10月    -0.5     -0.5    -0.7    -1.0     -1.1     0.0     0.8    0.9     0.0
     11月     0.5      0.8    -2.8    -0.2     -0.2    -1.4     0.2    0.2     0.0
     12月    -1.1     -0.9    -2.9    -1.2     -1.1    -2.6    -0.5   -0.7     4.1
2025年１月      1.5      1.6     0.0    -1.2     -1.1    -2.9    -0.6   -0.7     0.0
     ２月     -0.6     -0.8     1.5    -2.7     -2.5    -7.1    -2.4   -2.4    -2.0
     ３月     -2.6     -2.8    -0.7    -3.5     -3.3    -6.8    -2.0   -2.0    -2.0
     ４月     -1.2     -1.4     0.0    -1.7     -1.4    -5.3    -0.8   -0.6    -5.9
     ５月     -1.3     -1.4     0.0    -1.6     -1.3    -5.7    -1.7   -1.6    -6.1
     ６月      0.2      0.2     0.0    -1.0     -0.7    -5.6    -0.2    0.0    -6.1
     ７月      1.4      1.6    -0.7    -0.5      0.2   -11.8    -0.7   -0.5    -7.8
     ８月     -1.6     -1.6    -1.6    -2.3     -1.9    -8.3    -2.1   -2.0    -4.1
     ９月     -0.1     -0.1     0.0    -0.9     -0.7    -5.6    -0.1    0.2    -6.1
     10月     1.6      1.6     0.7    -0.2      0.0    -2.8    -0.6   -0.5    -4.1
     11月    -3.0     -3.2    -0.7    -3.0     -3.0    -2.7    -4.4   -4.3    -6.1
     12月    -1.3     -1.5     0.7    -1.9     -1.9    -2.7    -1.0   -0.8    -6.0




                                     - 15 -
用語の説明
１）常用労働者とは、
   ① 期間を定めずに雇われている者
   ② １か月以上の期間を定めて雇われている者
  のいずれかに該当する者をいう。（2018（平成30）年１月分調査から定義が変更となっていることに留意が必要）

２）パートタイム労働者とは、常用労働者のうち、
   ① １日の所定労働時間が一般の労働者よりも短い者
   ② １日の所定労働時間が一般の労働者と同じで１週の所定労働日数が一般の労働者よりも少ない者
  のいずれかに該当する者をいう。

３）一般労働者とは、常用労働者のうち、パートタイム労働者でない者をいう。

４）入職（離職）率とは、前月末労働者数に対する月間の入職（離職）者数の割合（％）である。なお、入職（離
 職）者には、同一企業内での事業所間の異動者を含む。

５）現金給与額について
  賃金、給与、手当、賞与その他の名称の如何を問わず、労働の対償として使用者が労働者に通貨で支払うもの
 で、所得税、社会保険料、組合費、購買代金等を差し引く前の金額である。退職を事由に労働者に支払われる退
 職金は、含まれない。
  ・現金給与総額：以下に述べるきまって支給する給与と特別に支払われた給与の合計額。
  ・きまって支給する給与（定期給与）：労働協約、就業規則等によってあらかじめ定められている支給条件、
   算定方法によって支給される給与でいわゆる基本給、家族手当、超過労働手当を含む。
  ・所定内給与：きまって支給する給与のうち次の所定外給与以外のもの。
  ・所定外給与（超過労働給与）：所定の労働時間を超える労働に対して支給される給与や、休日労働、深夜労
   働に対して支給される給与。時間外手当、早朝出勤手当、休日出勤手当、深夜手当等である。
  ・特別に支払われた給与（特別給与）：労働協約、就業規則等によらず、一時的又は突発的事由に基づき労働
   者に支払われた給与又は労働協約、就業規則等によりあらかじめ支給条件、算定方法が定められている給与
   で以下に該当するもの。
    ①夏冬の賞与、期末手当等の一時金
    ②支給事由の発生が不定期なもの
    ③３か月を超える期間で算定される手当等（６か月分支払われる通勤手当等）
    ④いわゆるベースアップの差額追給分

６）実質賃金は、名目賃金指数を「消費者物価指数（持家の帰属家賃を除く総合）」及び「消費者物価指数（総合）」
 で除して算出している。持家の帰属家賃とは、持家を借家とみなした場合支払われるであろう家賃のことである。
  本調査では、賃金の購買力を示すため、実際に取引が行われている財・サービスに限定している「消費者物価指
 数（持家の帰属家賃を除く総合）」を用いて算出し、また、国際比較のため、「消費者物価指数（総合）」を用いて
 実質賃金を算出することとしている。

７）実労働時間数、出勤日数について
  労働者が実際に労働した時間数及び実際に出勤した日数。休憩時間は給与支給の有無にかかわらず除かれる。
 有給休暇取得分も除かれる。
  ・総実労働時間：次の所定内労働時間と所定外労働時間の合計。
  ・所定内労働時間：労働協約、就業規則等で定められた正規の始業時刻と終業時刻の間の実労働時間数。
  ・所定外労働時間：早出、残業、臨時の呼出、休日出勤等の実労働時間数。
  ・出勤日数：業務のため実際に出勤した日数。１時間でも就業すれば１出勤日とする。




                          - 16 -
利用上の注意
１) 毎月勤労統計調査の公表値については、特に断りがない限り、以下の数値に基づくものである。
   【2003（平成15）年12月分以前】
    毎月の集計結果
   【2004（平成16）年１月分～2011（平成23）年12月分】
    全数調査するとしていたところを一部抽出調査で行っており、抽出調査を行う場合に必要な復元を行うこと
    ができなかったことから、時系列比較可能な指数を作成するために推計した「時系列比較のための推計値」
   【2012（平成24）年１月分～2019（令和元）年５月分】
    全数調査するとしていたところを一部抽出調査で行っていたことから、抽出調査を行う場合に必要な復元を
    行った集計値
   【2019（令和元）年６月分以降】
    毎月の集計結果
    ※ 2019（令和元）年６月分から2020（令和２）年５月分までの前年同月比（差）は、500人以上規模の
      事業所については、前年同月の値として、抽出調査による値を用いている。

２）１) 以外に、共通事業所による前年同月比を参考として公表している。
  共通事業所とは、「前年同月分」及び「当月分」ともに集計対象となった調査対象事業所のことであり、2018
 （平成30）年からの部分入替え方式の導入に伴い、常に一部の調査対象事業所が前年も調査対象となり
 共通事業所に限定した集計が可能となったことから、共通事業所による前年同月比を参考情報として公表して
 いる。
  共通事業所集計では、同一事業所の平均賃金などの変化をみるための参考値として公表しているものであり、
 労働者数の変化の影響を除くため、前年同月も当月の労働者数をもとに月々の平均賃金などを計算している。
 そのため、この数値は調査対象事業所の部分入替えや労働者数のベンチマーク更新による断層の影響を含まない
 数値となっている。（ ８）及び ９）参照）
  また、共通事業所集計は、通常の公表値に比べて、サンプルサイズが小さくなることに留意が必要である。

３) 統計数値は、特に断りのない限り、調査産業計、事業所規模５人以上、常用労働者（パートタイム労働者を
 含む。)に関するものである。

４）「前年比」は、対前年増減率（％）を掲載している。季節調整済指数の「前月比」は、対前月増減率（％）を
 掲載している。月次の場合、「前年比」、「前年差」は前年同月と比較している。

５）表章産業は、日本標準産業分類（2013（平成25）年10月改定）に基づいている。また、産業名で
 「鉱業，採石業等」、「電気・ガス業」、「不動産・物品賃貸業」、「学術研究等」、「飲食サービス業等」、
 「生活関連サービス等」、「その他のサービス業」とあるのは、それぞれ「鉱業，採石業，砂利採取業」、
 「電気・ガス・熱供給・水道業」、「不動産業，物品賃貸業」、「学術研究，専門・技術サービス業」、
 「宿泊業，飲食サービス業」、「生活関連サービス業，娯楽業」、「サービス業（他に分類されないもの）」の
 ことである。

６）前年比などの増減率は、指数等により算出しており、実数で計算した場合と必ずしも一致しない。

７）2022（令和４）年１月分確報公表時から、指数は、2020（令和２）年平均を100とする2020（令和２）年基準と
 する。これに伴い、2022（令和４）年１月分以降と比較できるように、2021（令和３）年12月分までの指数を、
  2020（令和２）年平均が100となるように改訂した。2021（令和３）年12月分までの増減率は、一部を除き、
 改訂前の指数で計算しているため、改訂後の指数で計算した場合と必ずしも一致しない。

８）調査対象事業所のうち30人以上規模の事業所の抽出方法は、従来の２～３年に一度行う総入替え方式から、
 毎年１月分調査時に行う部分入替え方式に2018（平成30）年から変更した。
  従来の総入替え方式においては、入替え時に一定の断層が生じていたため、賃金、労働時間指数とその増減率
 については過去に遡った改訂を行っていたが、部分入替え方式導入により断層は縮小することから、過去に遡っ
 た改訂は行っていない。なお、１月は30人以上規模の事業所について入替え前後の両方の事業所を調べており、
 １月分速報では入替え前の事業所を、１月分確報以降では入替え後の事業所を集計している。
 ※ 2025（令和７）年１月に標本の部分入替えを行った際の新旧事業所の結果を比較したところ、現金給与総額
  では-2,541円（-0.9％）、きまって支給する給与では-1,897円（-0.7％）の断層が生じている。

９）2024（令和６）年１月分確報公表時に、労働者数推計を当時利用できる最新のデータ（2021（令和３）年経済
 センサス－活動調査）に基づき更新（ベンチマーク更新）した。ベンチマーク更新に伴い常用雇用指数及びその
 増減率は、過去に遡って改訂している。賃金・労働時間及びパートタイム労働者比率の2024（令和６）年
 （１月分確報以降）の前年同月比等については、2023（令和５）年にベンチマーク更新を行った参考値を作成し、
 この参考値と2024（令和６）年の値を比較することによりベンチマーク更新の影響を取り除いて算出している
 ため、指数から算出した場合と一致しない。
 （参考）https://www.mhlw.go.jp/toukei/list/dl/maikin-kaisetsu-20240408.pdf

10）季節調整値及びその前月比は、原則、毎年１月分速報公表時に過去に遡って改訂している。また、賃金・労働
  時間の季節調整値については、ベンチマーク更新の影響を取り除くため、2024（令和６）年以降の前年同月比を
  用いて2024（令和６）年以降の指数を作成している。
  （参考）https://www.mhlw.go.jp/toukei/itiran/roudou/monthly/dl/maikin-kicho2025.pdf

11）確報値は、速報値の集計後に審査を終えた調査票も加え集計したものである。新たに集計の対象となった調査
  票の多くが速報値と異なる傾向であった場合、改訂の度合いが大きくなることがある。（なお、2018
  （平成30）年以降毎年１月に30人以上規模の事業所について部分入替えを行っており、１月の速報は入替え前、
  確報は入替え後の事業所の調査票を集計していることにも留意する必要がある。）

12）賃金の伸び率は「ベースアップ」の影響を受けやすく、各労働者の「定期昇給」による賃金増の影響は受けづ
  らい。「ベースアップ」の影響は、特に一般労働者の所定内給与に反映される。
  （参考）https://www.mhlw.go.jp/toukei/itiran/roudou/monthly/dl/maikin-chinginnobiritsu.pdf

                                                                         今後の公表予定
 毎月勤労統計調査の結果の公表時刻は、速報、確報共、原則８時30分です。                              速報      備考       確報   備考
                                                            1月分   3月9日          4月8日
                                                            2月分   4月8日   年末賞与   4月23日
                                                            3月分   5月8日          5月22日   年度平均
                                                            4月分   6月5日          6月24日
                                        - 17 -
